  8001 169974920000000 
  8009 293129220000000 
  8017 511151390000000 
  8025 719263470000000 
  8033 975738320000000 
  8041 1115377800000000 
  8049 1299024300000000 
  8057 1554901700000000 
  8065 1854922300000000 
  8073 2128721400000000 
  8081 2002335000000000 
  8089 2111490200000000 
  8097 1887259000000000 
  8105 1951062500000000 
  8113 2028344800000000 
  8121 2125320700000000 
  8129 1938554200000000 
  8137 2034360800000000 
  8145 2102210900000000 
  8153 1847943100000000 
  8161 1875687500000000 
  8169 1805873500000000 
  8177 1568744500000000 
  8185 1213941200000000 
  8193 938400350000000 
  8201 864768380000000 
  8209 918886270000000 
  8217 1152856600000000 
  8225 1561219100000000 
  8233 2175476900000000 
  8241 2613889400000000 
  8249 3161857800000000 
  8257 3412125000000000 
  8265 2961342400000000 
  8273 1950482600000000 
  8281 1347487100000000 
  8289 1079578300000000 
  8297 1008706300000000 
  8305 1023534200000000 
  8313 1066614700000000 
  8321 1128626900000000 
  8329 1246988000000000 
  8337 1423895700000000 
  8345 1525754900000000 
  8353 1414686000000000 
  8361 1132586800000000 
  8369 945102420000000 
  8377 931288440000000 
  8385 1047196000000000 
  8393 1364253400000000 
  8401 1833068000000000 
  8409 2491780000000000 
  8417 2918580000000000 
  8425 3373812500000000 
  8433 3484227500000000 
  8441 2888085600000000 
  8449 1842455800000000 
  8457 1241468000000000 
  8465 979099940000000 
  8473 898704670000000 
  8481 901537630000000 
  8489 944232420000000 
  8497 1027258500000000 
  8505 1157172000000000 
  8513 1333570200000000 
  8521 1513700800000000 
  8529 1636913400000000 
  8537 1676505000000000 
  8545 1654989400000000 
  8553 1639875500000000 
  8561 1691516800000000 
  8569 1851474600000000 
  8577 2170646900000000 
  8585 2184657200000000 
  8593 2202129800000000 
  8601 2219165000000000 
  8609 2228454700000000 
  8617 2078198800000000 
  8625 1638590700000000 
  8633 1210395700000000 
  8641 790347890000000 
  8649 642647000000000 
  8657 656106990000000 
  8665 798947060000000 
  8673 1123611000000000 
  8681 1347980300000000 
  8689 1769252000000000 
  8697 2598724600000000 
  8705 3106730800000000 
  8713 3136387300000000 
  8721 2355867100000000 
  8729 1502227800000000 
  8737 1209467700000000 
  8745 1165294700000000 
  8753 1222717000000000 
  8761 1308575200000000 
  8769 1395696300000000 
  8777 1521157400000000 
  8785 1744940600000000 
  8793 1931361900000000 
  8801 1858041800000000 
  8809 1457811800000000 
  8817 1078337200000000 
  8825 929809070000000 
  8833 948388910000000 
  8841 1117943400000000 
  8849 1435302200000000 
  8857 1887751800000000 
  8865 2590789000000000 
  8873 2980441500000000 
  8881 3229623900000000 
  8889 3145771500000000 
  8897 2660984700000000 
  8905 2006214800000000 
  8913 1711266400000000 
  8921 1512387000000000 
  8929 1443881400000000 
  8937 1426465400000000 
  8945 1429580600000000 
  8953 1440361700000000 
  8961 1459751300000000 
  8969 1489102700000000 
  8977 1524645300000000 
  8985 1556921200000000 
  8993 1580811000000000 
  9001 1597019100000000 
  9009 1627231600000000 
  9017 1708207800000000 
  9025 1919629000000000 
  9033 2314861500000000 
  9041 2459272200000000 
  9049 2648938900000000 
  9057 2826494700000000 
  9065 2948890100000000 
  9073 2877573500000000 
  9081 2366953900000000 
  9089 1472120100000000 
  9097 1014944700000000 
  9105 764782620000000 
  9113 751686820000000 
  9121 858465600000000 
  9129 918360530000000 
  9137 1077140200000000 
  9145 1370461000000000 
  9153 1842642400000000 
  9161 2313445500000000 
  9169 2102645300000000 
  9177 1741220900000000 
  9185 1705827500000000 
  9193 1748960800000000 
  9201 1924056900000000 
  9209 2239730800000000 
  9217 2232747400000000 
  9225 2241844900000000 
  9233 2215208600000000 
  9241 2071732500000000 
  9249 1735319800000000 
  9257 1585001600000000 
  9265 1424098700000000 
  9273 1339219900000000 
  9281 1339120500000000 
  9289 1388675900000000 
  9297 1476920300000000 
  9305 1611759600000000 
  9313 1767243600000000 
  9321 1917697500000000 
  9329 2072389100000000 
  9337 1949728000000000 
  9345 2163823700000000 
  9353 2113826100000000 
  9361 2114663200000000 
  9369 2115970900000000 
  9377 2081440600000000 
  9385 1962355900000000 
  9393 1960887900000000 
  9401 1847949500000000 
  9409 1728612300000000 
  9417 1651100900000000 
  9425 1641792600000000 
  9433 1683628500000000 
  9441 1773680500000000 
  9449 1928690600000000 
  9457 2119277800000000 
  9465 1932930200000000 
  9473 1990174800000000 
  9481 2004959300000000 
  9489 2066673900000000 
  9497 1949760300000000 
  9505 2310807300000000 
  9513 2397215300000000 
  9521 2501261400000000 
  9529 2568721700000000 
  9537 2516548700000000 
  9545 2227792500000000 
  9553 1697862400000000 
  9561 1457792000000000 
  9569 1282832000000000 
  9577 1202137100000000 
  9585 1206784500000000 
  9593 1251264800000000 
  9601 1329401500000000 
  9609 1439431700000000 
  9617 1583174700000000 
  9625 1752767900000000 
  9633 1984197300000000 
  9641 2331375000000000 
  9649 2420900800000000 
  9657 2537750900000000 
  9665 2619366800000000 
  9673 2591881600000000 
  9681 2406414200000000 
  9689 2047827700000000 
  9697 1688253100000000 
  9705 1657432300000000 
  9713 1677504400000000 
  9721 1732674200000000 
  9729 1819640100000000 
  9737 1962594100000000 
  9745 2101763900000000 
  9753 1748458600000000 
  9761 1546030900000000 
  9769 1256769700000000 
  9777 1097255900000000 
  9785 1102796700000000 
  9793 1238922700000000 
  9801 1523894300000000 
  9809 1958502100000000 
  9817 2698864700000000 
  9825 3193246700000000 
  9833 3519764900000000 
  9841 3261130000000000 
  9849 2391128700000000 
  9857 1594707000000000 
  9865 1344775700000000 
  9873 1312693200000000 
  9881 1401033800000000 
  9889 1496272200000000 
  9897 1609683700000000 
  9905 1820576900000000 
  9913 2100756200000000 
  9921 1830090700000000 
  9929 1673745800000000 
  9937 1378295000000000 
  9945 1210997700000000 
  9953 1210543100000000 
  9961 1345547600000000 
  9969 1653513400000000 
  9977 2123509500000000 
  9985 2323949500000000 
  9993 2542404900000000 
 10001 2671184600000000 
 10009 2598537400000000 
 10017 2288294700000000 
 10025 1817457200000000 
 10033 1652157900000000 
 10041 1534919300000000 
 10049 1465832200000000 
 10057 1450094000000000 
 10065 1473243000000000 
 10073 1541655700000000 
 10081 1690933600000000 
 10089 1956586000000000 
 10097 2394387500000000 
 10105 2505317500000000 
 10113 2551553700000000 
 10121 2386279000000000 
 10129 1910148400000000 
 10137 1692220100000000 
 10145 1574445400000000 
 10153 1593328000000000 
 10161 1716182900000000 
 10169 1914043400000000 
 10177 2157132900000000 
 10185 2146782700000000 
 10193 2203241200000000 
 10201 2044561400000000 
 10209 1444744000000000 
 10217 996498440000000 
 10225 765973450000000 
 10233 798159710000000 
 10241 991448930000000 
 10249 1171964100000000 
 10257 1432463800000000 
 10265 1806664900000000 
 10273 2580102900000000 
 10281 3055615500000000 
 10289 3092099100000000 
 10297 2384977500000000 
 10305 1622960300000000 
 10313 1385426800000000 
 10321 1376995900000000 
 10329 1522841400000000 
 10337 1723465300000000 
 10345 1964006500000000 
 10353 2289129700000000 
 10361 2253125700000000 
 10369 2038485000000000 
 10377 1887803900000000 
 10385 1518313000000000 
 10393 1201986100000000 
 10401 1070577500000000 
 10409 1091564300000000 
 10417 1239385300000000 
 10425 1514905200000000 
 10433 1916356400000000 
 10441 2512791900000000 
 10449 2743427000000000 
 10457 2892464600000000 
 10465 2932487800000000 
 10473 2883044700000000 
 10481 2736948200000000 
 10489 2514520200000000 
 10497 2208139000000000 
 10505 1845907000000000 
 10513 1765115500000000 
 10521 1717107900000000 
 10529 1725452400000000 
 10537 1782923500000000 
 10545 1885166300000000 
 10553 2093553900000000 
 10561 2035260200000000 
 10569 2229442800000000 
 10577 1887818900000000 
 10585 1717830600000000 
 10593 1529610800000000 
 10601 1483349000000000 
 10609 1571025200000000 
 10617 1838651400000000 
 10625 2255418400000000 
 10633 2413548900000000 
 10641 2698349900000000 
 10649 2927983200000000 
 10657 2759122700000000 
 10665 2032686100000000 
 10673 1554535100000000 
 10681 1337662900000000 
 10689 1327698300000000 
 10697 1431854200000000 
 10705 1584847100000000 
 10713 1831257500000000 
 10721 2224637400000000 
 10729 2203607600000000 
 10737 1970823100000000 
 10745 1843991300000000 
 10753 1650574700000000 
 10761 1589673600000000 
 10769 1672688700000000 
 10777 1936652000000000 
 10785 2374425400000000 
 10793 2507720200000000 
 10801 2643914300000000 
 10809 2669753700000000 
 10817 2463746600000000 
 10825 2025438800000000 
 10833 1885198100000000 
 10841 1808610500000000 
 10849 1820544700000000 
 10857 1900917500000000 
 10865 2044931400000000 
 10873 1949982000000000 
 10881 2122480500000000 
 10889 1936758000000000 
 10897 1993715700000000 
 10905 2041854300000000 
 10913 1910200500000000 
 10921 2190417100000000 
 10929 2258974000000000 
 10937 2405408200000000 
 10945 2550619200000000 
 10953 2604855900000000 
 10961 2486679400000000 
 10969 2126580300000000 
 10977 1690851800000000 
 10985 1616782900000000 
 10993 1619612000000000 
 11001 1678979600000000 
 11009 1787692900000000 
 11017 1945292700000000 
 11025 2134630700000000 
 11033 1936526600000000 
 11041 1945840900000000 
 11049 1899035700000000 
 11057 1887225600000000 
 11065 1973359300000000 
 11073 2208395500000000 
 11081 2237516900000000 
 11089 2353203300000000 
 11097 2463005500000000 
 11105 2492481200000000 
 11113 2412687300000000 
 11121 2275383700000000 
 11129 2161445000000000 
 11137 2117628200000000 
 11145 2123409000000000 
 11153 2138503400000000 
 11161 2124145200000000 
 11169 1993352600000000 
 11177 1904908900000000 
 11185 1646283500000000 
 11193 1381721800000000 
 11201 1261518100000000 
 11209 1282518300000000 
 11217 1394742800000000 
 11225 1633840600000000 
 11233 2081987700000000 
 11241 2289578300000000 
 11249 2404805500000000 
 11257 2226337800000000 
 11265 1773479100000000 
 11273 1686282300000000 
 11281 1741579700000000 
 11289 1976888000000000 
 11297 2353352800000000 
 11305 2352461800000000 
 11313 2417832200000000 
 11321 2518121800000000 
 11329 2398309100000000 
 11337 1785398000000000 
 11345 1269815800000000 
 11353 963142200000000 
 11361 883997270000000 
 11369 934919470000000 
 11377 1127063500000000 
 11385 1421927200000000 
 11393 1861139200000000 
 11401 2603358600000000 
 11409 2919167200000000 
 11417 2874172600000000 
 11425 2376189100000000 
 11433 1755915400000000 
 11441 1591973500000000 
 11449 1609054600000000 
 11457 1770954000000000 
 11465 2052629000000000 
 11473 2070389100000000 
 11481 2118822600000000 
 11489 2131146400000000 
 11497 2055376500000000 
 11505 1856621400000000 
 11513 1842304700000000 
 11521 1811364900000000 
 11529 1807448200000000 
 11537 1838699900000000 
 11545 1895911800000000 
 11553 1980417800000000 
 11561 2111110700000000 
 11569 2026161800000000 
 11577 2392677600000000 
 11585 2510492400000000 
 11593 2743039400000000 
 11601 3033223800000000 
 11609 3256523300000000 
 11617 3168068500000000 
 11625 2526867800000000 
 11633 1611675300000000 
 11641 1233317500000000 
 11649 1123739000000000 
 11657 1155831100000000 
 11665 1242487600000000 
 11673 1365477000000000 
 11681 1600657600000000 
 11689 2154247100000000 
 11697 2213078900000000 
 11705 1800319700000000 
 11713 1402986000000000 
 11721 1236663500000000 
 11729 1286775700000000 
 11737 1575400500000000 
 11745 2115761300000000 
 11753 2196887400000000 
 11761 2360269700000000 
 11769 2798136900000000 
 11777 3179834500000000 
 11785 2829365000000000 
 11793 1622930100000000 
 11801 934097430000000 
 11809 729192710000000 
 11817 788575130000000 
 11825 998302220000000 
 11833 1120975900000000 
 11841 1330459600000000 
 11849 1703877900000000 
 11857 2337342600000000 
 11865 2420280000000000 
 11873 2138129700000000 
 11881 1639667700000000 
 11889 1542769100000000 
 11897 1602063300000000 
 11905 1842980700000000 
 11913 2335114200000000 
 11921 2553236300000000 
 11929 2827698600000000 
 11937 3049330900000000 
 11945 3139134800000000 
 11953 3082228100000000 
 11961 2816896700000000 
 11969 2459176800000000 
 11977 2036532100000000 
 11985 1890265100000000 
 11993 1732208200000000 
 12001 1602366800000000 
 12009 1519592100000000 
 12017 1500762900000000 
 12025 1561368200000000 
 12033 1743979800000000 
 12041 2153575600000000 
 12049 2414616500000000 
 12057 2870109900000000 
 12065 3303015000000000 
 12073 3389673400000000 
 12081 2907865400000000 
 12089 2253757900000000 
 12097 1815713300000000 
 12105 1839143500000000 
 12113 1968940100000000 
 12121 2124860000000000 
 12129 2028491100000000 
 12137 2438179500000000 
 12145 2497149200000000 
 12153 2223712800000000 
 12161 1441118800000000 
 12169 968532550000000 
 12177 871063690000000 
 12185 932042570000000 
 12193 1204644700000000 
 12201 1636697500000000 
 12209 2251426900000000 
 12217 2748448000000000 
 12225 3399303600000000 
 12233 3678106500000000 
 12241 3150782700000000 
 12249 2191936200000000 
 12257 1514601800000000 
 12265 1358662600000000 
 12273 1402037800000000 
 12281 1528413400000000 
 12289 1711174400000000 
 12297 1979491500000000 
 12305 2311106300000000 
 12313 2148208900000000 
 12321 1866904100000000 
 12329 1821881300000000 
 12337 1815252200000000 
 12345 1921551300000000 
 12353 2217524300000000 
 12361 2322566700000000 
 12369 2516924200000000 
 12377 2704442500000000 
 12385 2792401500000000 
 12393 2774551400000000 
 12401 2691595300000000 
 12409 2604976800000000 
 12417 2558531900000000 
 12425 2529485600000000 
 12433 2487174300000000 
 12441 2379764200000000 
 12449 2095543900000000 
 12457 1588972400000000 
 12465 1320036800000000 
 12473 1130970400000000 
 12481 1088412000000000 
 12489 1172053400000000 
 12497 1404244400000000 
 12505 1825434900000000 
 12513 2631412300000000 
 12521 3237482900000000 
 12529 3665610700000000 
 12537 3611323200000000 
 12545 3157883600000000 
 12553 2812147600000000 
 12561 2677090800000000 
 12569 2681399600000000 
 12577 2712701600000000 
 12585 2738255500000000 
 12593 2757189900000000 
 12601 2690421300000000 
 12609 2344314500000000 
 12617 1658606000000000 
 12625 1221256600000000 
 12633 1052563000000000 
 12641 1068095200000000 
 12649 1221031800000000 
 12657 1525117600000000 
 12665 1987707100000000 
 12673 2649601600000000 
 12681 2848494200000000 
 12689 2890260500000000 
 12697 2837780200000000 
 12705 2787406100000000 
 12713 2807085100000000 
 12721 2884088100000000 
 12729 3006071800000000 
 12737 3114560000000000 
 12745 3115692100000000 
 12753 2861785500000000 
 12761 2336994600000000 
 12769 1750259800000000 
 12777 1573044600000000 
 12785 1556837600000000 
 12793 1655091100000000 
 12801 1854290300000000 
 12809 2228888800000000 
 12817 2321797900000000 
 12825 2311183600000000 
 12833 2014497400000000 
 12841 1855680200000000 
 12849 1766546000000000 
 12857 1848705100000000 
 12865 2202604500000000 
 12873 2325426500000000 
 12881 2523436100000000 
 12889 2850798800000000 
 12897 3279143400000000 
 12905 3372720900000000 
 12913 2629639500000000 
 12921 1455101600000000 
 12929 970770320000000 
 12937 867923180000000 
 12945 914267080000000 
 12953 1086393200000000 
 12961 1344445900000000 
 12969 1772233100000000 
 12977 2638338500000000 
 12985 3114008500000000 
 12993 3155780800000000 
 13001 2675671400000000 
 13009 2201369900000000 
 13017 1986769000000000 
 13025 2272822600000000 
 13033 2365974500000000 
 13041 2516169300000000 
 13049 2664132500000000 
 13057 2755596500000000 
 13065 2722499400000000 
 13073 2501131400000000 
 13081 2087041600000000 
 13089 1676675400000000 
 13097 1559123300000000 
 13105 1535607500000000 
 13113 1575053700000000 
 13121 1649674900000000 
 13129 1753414200000000 
 13137 1916662600000000 
 13145 2218498100000000 
 13153 2364536900000000 
 13161 2669432500000000 
 13169 3122412100000000 
 13177 3735798500000000 
 13185 4402842800000000 
 13193 4739680400000000 
 13201 4360820300000000 
 13209 3386715000000000 
 13217 2359703100000000 
 13225 1763133100000000 
 13233 1709449800000000 
 13241 1725490600000000 
 13249 1781666500000000 
 13257 1970221700000000 
 13265 2439158200000000 
 13273 2423829600000000 
 13281 1911999500000000 
 13289 1330331800000000 
 13297 1033578500000000 
 13305 1027371100000000 
 13313 1189151400000000 
 13321 1659609900000000 
 13329 2254706600000000 
 13337 2540742500000000 
 13345 3277118400000000 
 13353 4382511900000000 
 13361 4726016900000000 
 13369 3695075500000000 
 13377 2067019500000000 
 13385 1249895400000000 
 13393 1107073000000000 
 13401 1160114800000000 
 13409 1284395500000000 
 13417 1420057200000000 
 13425 1677687500000000 
 13433 2231514800000000 
 13441 2286587100000000 
 13449 1978274400000000 
 13457 1744950100000000 
 13465 1572047600000000 
 13473 1592560100000000 
 13481 1825811800000000 
 13489 2338080800000000 
 13497 2605679100000000 
 13505 2963508600000000 
 13513 3313775800000000 
 13521 3577185100000000 
 13529 3666318800000000 
 13537 3585091000000000 
 13545 3358567200000000 
 13553 3033017900000000 
 13561 2668534700000000 
 13569 2252419800000000 
 13577 1835909600000000 
 13585 1730881500000000 
 13593 1709243800000000 
 13601 1821522600000000 
 13609 2102064500000000 
 13617 2217139600000000 
 13625 2508215500000000 
 13633 2975434800000000 
 13641 3352496100000000 
 13649 3293404000000000 
 13657 2684214000000000 
 13665 2023626800000000 
 13673 1903930400000000 
 13681 1992473000000000 
 13689 2280400600000000 
 13697 2235882600000000 
 13705 2273108700000000 
 13713 2447599700000000 
 13721 2657313600000000 
 13729 2511067300000000 
 13737 1754438500000000 
 13745 1137949800000000 
 13753 968350040000000 
 13761 999718710000000 
 13769 1219123800000000 
 13777 1600213200000000 
 13785 2150136300000000 
 13793 2614989400000000 
 13801 3445948100000000 
 13809 4111815200000000 
 13817 3939073600000000 
 13825 3154191000000000 
 13833 2377803900000000 
 13841 1976708900000000 
 13849 2103002700000000 
 13857 2077133500000000 
 13865 2101727700000000 
 13873 2163689500000000 
 13881 2231449000000000 
 13889 2201228300000000 
 13897 1987255100000000 
 13905 1803557100000000 
 13913 1589718600000000 
 13921 1530561100000000 
 13929 1659309700000000 
 13937 1985288300000000 
 13945 2558874100000000 
 13953 2838263600000000 
 13961 3109370400000000 
 13969 3301954100000000 
 13977 3459716300000000 
 13985 3603781200000000 
 13993 3764928200000000 
 14001 4009985700000000 
 14009 4261684400000000 
 14017 4422435500000000 
 14025 4355159500000000 
 14033 3922415500000000 
 14041 3204870800000000 
 14049 2424635900000000 
 14057 1945795000000000 
 14065 1987847800000000 
 14073 2181927200000000 
 14081 2231559500000000 
 14089 2394504200000000 
 14097 2561740200000000 
 14105 2563223100000000 
 14113 2319854700000000 
 14121 2023264500000000 
 14129 2114952200000000 
 14137 2140528000000000 
 14145 2300025800000000 
 14153 2604912000000000 
 14161 3017834800000000 
 14169 3444817300000000 
 14177 3680208900000000 
 14185 3529179000000000 
 14193 2947515400000000 
 14201 2333859900000000 
 14209 1934913500000000 
 14217 1997571600000000 
 14225 2204897800000000 
 14233 2236055900000000 
 14241 2333959400000000 
 14249 2431457900000000 
 14257 2452811900000000 
 14265 2355166100000000 
 14273 2197802600000000 
 14281 2110945000000000 
 14289 2151415200000000 
 14297 2299741300000000 
 14305 2589970100000000 
 14313 2929680000000000 
 14321 3216388100000000 
 14329 3289372300000000 
 14337 3061901600000000 
 14345 2613768100000000 
 14353 2186091200000000 
 14361 1943212000000000 
 14369 2091633900000000 
 14377 2097126700000000 
 14385 2187652700000000 
 14393 2365507000000000 
 14401 2511812000000000 
 14409 2475795700000000 
 14417 2205027600000000 
 14425 1900574300000000 
 14433 1991199800000000 
 14441 2327255800000000 
 14449 2543106200000000 
 14457 2899811300000000 
 14465 3352737600000000 
 14473 3864833000000000 
 14481 4163261700000000 
 14489 3921406500000000 
 14497 3182075000000000 
 14505 2322212600000000 
 14513 1791887700000000 
 14521 1783104800000000 
 14529 1908485800000000 
 14537 2173621900000000 
 14545 2230360700000000 
 14553 2333401300000000 
 14561 2393849700000000 
 14569 2352618300000000 
 14577 2235998300000000 
 14585 2140505500000000 
 14593 2139637300000000 
 14601 2224658500000000 
 14609 2406121700000000 
 14617 2633929100000000 
 14625 2859967200000000 
 14633 3039320700000000 
 14641 3160667200000000 
 14649 3251082800000000 
 14657 3325057400000000 
 14665 3384477000000000 
 14673 3418935200000000 
 14681 3367403600000000 
 14689 3116538300000000 
 14697 2589731900000000 
 14705 1901294500000000 
 14713 1603194600000000 
 14721 1495558500000000 
 14729 1568452500000000 
 14737 1809684600000000 
 14745 2283730300000000 
 14753 2649362300000000 
 14761 3257579800000000 
 14769 3783038000000000 
 14777 3834534900000000 
 14785 3401499200000000 
 14793 2841507600000000 
 14801 2555165100000000 
 14809 2520338200000000 
 14817 2581367600000000 
 14825 2654202800000000 
 14833 2786707300000000 
 14841 3015302900000000 
 14849 3202233900000000 
 14857 2974299700000000 
 14865 2087370500000000 
 14873 1220255500000000 
 14881 1019830000000000 
 14889 1055832700000000 
 14897 1283318800000000 
 14905 1657944200000000 
 14913 2224706700000000 
 14921 2657577400000000 
 14929 3279625700000000 
 14937 3683202800000000 
 14945 3564583500000000 
 14953 2989133400000000 
 14961 2473563100000000 
 14969 2240704700000000 
 14977 2217779000000000 
 14985 2300370300000000 
 14993 2435071900000000 
 15001 2613809700000000 
 15009 2776944400000000 
 15017 2847281800000000 
 15025 2814120600000000 
 15033 2704379500000000 
 15041 2556574600000000 
 15049 2403634800000000 
 15057 2291372300000000 
 15065 2221395100000000 
 15073 2186811800000000 
 15081 2196939100000000 
 15089 2268032000000000 
 15097 2437227200000000 
 15105 2750731900000000 
 15113 3204370400000000 
 15121 3736212200000000 
 15129 4308748400000000 
 15137 4614945000000000 
 15145 4339130000000000 
 15153 3473613000000000 
 15161 2418059600000000 
 15169 1734803900000000 
 15177 1641357500000000 
 15185 1715163000000000 
 15193 1910870800000000 
 15201 2330467200000000 
 15209 2604606300000000 
 15217 2969621400000000 
 15225 3101755600000000 
 15233 2804153000000000 
 15241 2360570200000000 
 15249 2153038600000000 
 15257 2186986400000000 
 15265 2375278100000000 
 15273 2691904700000000 
 15281 3045259000000000 
 15289 3480681500000000 
 15297 3898521200000000 
 15305 3937083000000000 
 15313 3385663200000000 
 15321 2339665900000000 
 15329 1525066000000000 
 15337 1309779700000000 
 15345 1348191000000000 
 15353 1529717600000000 
 15361 1836675500000000 
 15369 2344577500000000 
 15377 2588406200000000 
 15385 2790776400000000 
 15393 2857913800000000 
 15401 2791338500000000 
 15409 2727958300000000 
 15417 2778150800000000 
 15425 2957589500000000 
 15433 3280499400000000 
 15441 3683476900000000 
 15449 4048443600000000 
 15457 4349103400000000 
 15465 4491125000000000 
 15473 4487188700000000 
 15481 4414013400000000 
 15489 4316449500000000 
 15497 4220938600000000 
 15505 4116336100000000 
 15513 3968850800000000 
 15521 3671866600000000 
 15529 3092462100000000 
 15537 2577736600000000 
 15545 2291089400000000 
 15553 2267093400000000 
 15561 2447530000000000 
 15569 2880347400000000 
 15577 3577561800000000 
 15585 4567715300000000 
 15593 5710676200000000 
 15601 6654911800000000 
 15609 7140092000000000 
 15617 7227436800000000 
 15625 7442032900000000 
 15633 7764757300000000 
 15641 8273410200000000 
 15649 8934823200000000 
 15657 9815969700000000 
 15665 10498380000000000 
 15673 10956111000000000 
 15681 11205795000000000 
 15689 11315485000000000 
 15697 11478527000000000 
 15705 11868691000000000 
 15713 12721981000000000 
 15721 14574382000000000 
 15729 16612846000000000 
 15737 23543390000000000 
 15745 23543390000000000 
 15753 23543390000000000 
 15761 23543390000000000 
 15769 23543390000000000 
 15777 23543390000000000 
 15785 23543390000000000 
 15793 23543390000000000 
 15801 23543390000000000 
 15809 23543390000000000 
 15817 23543390000000000 
 15825 23543390000000000 
 15833 23543390000000000 
 15841 23543390000000000 
 15849 23543390000000000 
 15857 23543390000000000 
 15865 23543390000000000 
 15873 23543390000000000 
 15881 23543390000000000 
 15889 23543390000000000 
 15897 23543390000000000 
 15905 23543390000000000 
 15913 23543390000000000 
 15921 23543390000000000 
 15929 23543390000000000 
 15937 23543390000000000 
 15945 23543390000000000 
 15953 23543390000000000 
 15961 23543390000000000 
 15969 23543390000000000 
 15977 23543390000000000 
 15985 23543390000000000 
 15993 23543390000000000 
 16001 23543390000000000 
 16009 23543390000000000 
 16017 23543390000000000 
 16025 23543390000000000 
 16033 23543390000000000 
 16041 23543390000000000 
 16049 23543390000000000 
 16057 23543390000000000 
 16065 23543390000000000 
 16073 23543390000000000 
 16081 23543390000000000 
 16089 23543390000000000 
 16097 23543390000000000 
 16105 23543390000000000 
 16113 23543390000000000 
 16121 23543390000000000 
 16129 23543390000000000 
 16137 23543390000000000 
 16145 23543390000000000 
 16153 23543390000000000 
 16161 23543390000000000 
 16169 23543390000000000 
 16177 23543390000000000 
 16185 23543390000000000 
 16193 23543390000000000 
 16201 23543390000000000 
 16209 23543390000000000 
 16217 23543390000000000 
 16225 23543390000000000 
 16233 23543390000000000 
 16241 23543390000000000 
 16249 23543390000000000 
 16257 23543390000000000 
 16265 23543390000000000 
 16273 23543390000000000 
 16281 23543390000000000 
 16289 23543390000000000 
 16297 23543390000000000 
 16305 23543390000000000 
 16313 23543390000000000 
 16321 23543390000000000 
 16329 23543390000000000 
 16337 23543390000000000 
 16345 23543390000000000 
 16353 23543390000000000 
 16361 23543390000000000 
 16369 23543390000000000 
 16377 23543390000000000 
 16385 23543390000000000 
 16393 23543390000000000 
 16401 23543390000000000 
 16409 23543390000000000 
 16417 23543390000000000 
 16425 23543390000000000 
 16433 23543390000000000 
 16441 23543390000000000 
 16449 23543390000000000 
 16457 23543390000000000 
 16465 23543390000000000 
 16473 23543390000000000 
 16481 23543390000000000 
 16489 23543390000000000 
 16497 23543390000000000 
 16505 23543390000000000 
 16513 23543390000000000 
 16521 23543390000000000 
 16529 23543390000000000 
 16537 23543390000000000 
 16545 23543390000000000 
 16553 23543390000000000 
 16561 23543390000000000 
 16569 23543390000000000 
 16577 23543390000000000 
 16585 23543390000000000 
 16593 23543390000000000 
 16601 23543390000000000 
 16609 23543390000000000 
 16617 23543390000000000 
 16625 23543390000000000 
 16633 23543390000000000 
 16641 23543390000000000 
 16649 23543390000000000 
 16657 23543390000000000 
 16665 23543390000000000 
 16673 23543390000000000 
 16681 23543390000000000 
 16689 23543390000000000 
 16697 23543390000000000 
 16705 23543390000000000 
 16713 23543390000000000 
 16721 23543390000000000 
 16729 23543390000000000 
 16737 23543390000000000 
 16745 23543390000000000 
 16753 23543390000000000 
 16761 23543390000000000 
 16769 23543390000000000 
 16777 23543390000000000 
 16785 23543390000000000 
 16793 23543390000000000 
 16801 23543390000000000 
 16809 23543390000000000 
 16817 23543390000000000 
 16825 23543390000000000 
 16833 23543390000000000 
 16841 23543390000000000 
 16849 23543390000000000 
 16857 23543390000000000 
 16865 23543390000000000 
 16873 23543390000000000 
 16881 23543390000000000 
 16889 23543390000000000 
 16897 23543390000000000 
 16905 23543390000000000 
 16913 23543390000000000 
 16921 23543390000000000 
 16929 23543390000000000 
 16937 23543390000000000 
 16945 23543390000000000 
 16953 23543390000000000 
 16961 23543390000000000 
 16969 23543390000000000 
 16977 23543390000000000 
 16985 23543390000000000 
 16993 23543390000000000 
 17001 23543390000000000 
 17009 23543390000000000 
 17017 23543390000000000 
 17025 23543390000000000 
 17033 23543390000000000 
 17041 23543390000000000 
 17049 23543390000000000 
 17057 23543390000000000 
 17065 23543390000000000 
 17073 23543390000000000 
 17081 23543390000000000 
 17089 23543390000000000 
 17097 23543390000000000 
 17105 23543390000000000 
 17113 23543390000000000 
 17121 23543390000000000 
 17129 23543390000000000 
 17137 23543390000000000 
 17145 23543390000000000 
 17153 23543390000000000 
 17161 23543390000000000 
 17169 23543390000000000 
 17177 23543390000000000 
 17185 23543390000000000 
 17193 23543390000000000 
 17201 23543390000000000 
 17209 23543390000000000 
 17217 23543390000000000 
 17225 23543390000000000 
 17233 23543390000000000 
 17241 23543390000000000 
 17249 23543390000000000 
 17257 23543390000000000 
 17265 23543390000000000 
 17273 23543390000000000 
 17281 23543390000000000 
 17289 23543390000000000 
 17297 23543390000000000 
 17305 23543390000000000 
 17313 23543390000000000 
 17321 23543390000000000 
 17329 23543390000000000 
 17337 23543390000000000 
 17345 23543390000000000 
 17353 23543390000000000 
 17361 23543390000000000 
 17369 23543390000000000 
 17377 23543390000000000 
 17385 23543390000000000 
 17393 23543390000000000 
 17401 23543390000000000 
 17409 23543390000000000 
 17417 23543390000000000 
 17425 23543390000000000 
 17433 23543390000000000 
 17441 23543390000000000 
 17449 23543390000000000 
 17457 23543390000000000 
 17465 23543390000000000 
 17473 23543390000000000 
 17481 23543390000000000 
 17489 23543390000000000 
 17497 23543390000000000 
 17505 23543390000000000 
 17513 23543390000000000 
 17521 23543390000000000 
 17529 23543390000000000 
 17537 23543390000000000 
 17545 23543390000000000 
 17553 23543390000000000 
 17561 23543390000000000 
 17569 23543390000000000 
 17577 23543390000000000 
 17585 23543390000000000 
 17593 23543390000000000 
 17601 23543390000000000 
 17609 23543390000000000 
 17617 23543390000000000 
 17625 23543390000000000 
 17633 23543390000000000 
 17641 23543390000000000 
 17649 23543390000000000 
 17657 23543390000000000 
 17665 23543390000000000 
 17673 23543390000000000 
 17681 23543390000000000 
 17689 23543390000000000 
 17697 23543390000000000 
 17705 23543390000000000 
 17713 23543390000000000 
 17721 23543390000000000 
 17729 23543390000000000 
 17737 23543390000000000 
 17745 23543390000000000 
 17753 23543390000000000 
 17761 23543390000000000 
 17769 23543390000000000 
 17777 23543390000000000 
 17785 23543390000000000 
 17793 23543390000000000 
 17801 23543390000000000 
 17809 23543390000000000 
 17817 23543390000000000 
 17825 23543390000000000 
 17833 23543390000000000 
 17841 23543390000000000 
 17849 23543390000000000 
 17857 23543390000000000 
 17865 23543390000000000 
 17873 23543390000000000 
 17881 23543390000000000 
 17889 23543390000000000 
 17897 23543390000000000 
 17905 23543390000000000 
 17913 23543390000000000 
 17921 23543390000000000 
 17929 23543390000000000 
 17937 23543390000000000 
 17945 23543390000000000 
 17953 23543390000000000 
 17961 23543390000000000 
 17969 23543390000000000 
 17977 23543390000000000 
 17985 23543390000000000 
 17993 23543390000000000 
 18001 23543390000000000 
 18009 23543390000000000 
 18017 23543390000000000 
 18025 23543390000000000 
 18033 23543390000000000 
 18041 23543390000000000 
 18049 23543390000000000 
 18057 23543390000000000 
 18065 23543390000000000 
 18073 23543390000000000 
 18081 23543390000000000 
 18089 23543390000000000 
 18097 23543390000000000 
 18105 23543390000000000 
 18113 23543390000000000 
 18121 23543390000000000 
 18129 23543390000000000 
 18137 23543390000000000 
 18145 23543390000000000 
 18153 23543390000000000 
 18161 23543390000000000 
 18169 23543390000000000 
 18177 23543390000000000 
 18185 23543390000000000 
 18193 23543390000000000 
 18201 23543390000000000 
 18209 23543390000000000 
 18217 23543390000000000 
 18225 23543390000000000 
 18233 23543390000000000 
 18241 23543390000000000 
 18249 23543390000000000 
 18257 23543390000000000 
 18265 23543390000000000 
 18273 23543390000000000 
 18281 23543390000000000 
 18289 23543390000000000 
 18297 23543390000000000 
 18305 23543390000000000 
 18313 23543390000000000 
 18321 23543390000000000 
 18329 23543390000000000 
 18337 23543390000000000 
 18345 23543390000000000 
 18353 23543390000000000 
 18361 23543390000000000 
 18369 23543390000000000 
 18377 23543390000000000 
 18385 23543390000000000 
 18393 23543390000000000 
 18401 23543390000000000 
 18409 23543390000000000 
 18417 23543390000000000 
 18425 23543390000000000 
 18433 23543390000000000 
 18441 23543390000000000 
 18449 23543390000000000 
 18457 23543390000000000 
 18465 23543390000000000 
 18473 23543390000000000 
 18481 23543390000000000 
 18489 23543390000000000 
 18497 23543390000000000 
 18505 23543390000000000 
 18513 23543390000000000 
 18521 23543390000000000 
 18529 23543390000000000 
 18537 23543390000000000 
 18545 23543390000000000 
 18553 23543390000000000 
 18561 23543390000000000 
 18569 23543390000000000 
 18577 23543390000000000 
 18585 23543390000000000 
 18593 23543390000000000 
 18601 23543390000000000 
 18609 23543390000000000 
 18617 23543390000000000 
 18625 23543390000000000 
 18633 23543390000000000 
 18641 23543390000000000 
 18649 23543390000000000 
 18657 23543390000000000 
 18665 23543390000000000 
 18673 23543390000000000 
 18681 23543390000000000 
 18689 23543390000000000 
 18697 23543390000000000 
 18705 23543390000000000 
 18713 23543390000000000 
 18721 23543390000000000 
 18729 23543390000000000 
 18737 23543390000000000 
 18745 23543390000000000 
 18753 23543390000000000 
 18761 23543390000000000 
 18769 23543390000000000 
 18777 23543390000000000 
 18785 23543390000000000 
 18793 23543390000000000 
 18801 23543390000000000 
 18809 23543390000000000 
 18817 23543390000000000 
 18825 23543390000000000 
 18833 23543390000000000 
 18841 23543390000000000 
 18849 23543390000000000 
 18857 23543390000000000 
 18865 23543390000000000 
 18873 23543390000000000 
 18881 23543390000000000 
 18889 23543390000000000 
 18897 23543390000000000 
 18905 23543390000000000 
 18913 23543390000000000 
 18921 23543390000000000 
 18929 23543390000000000 
 18937 23543390000000000 
 18945 23543390000000000 
 18953 23543390000000000 
 18961 23543390000000000 
 18969 23543390000000000 
 18977 23543390000000000 
 18985 23543390000000000 
 18993 23543390000000000 
 19001 23543390000000000 
 19009 23543390000000000 
 19017 23543390000000000 
 19025 23543390000000000 
 19033 23543390000000000 
 19041 23543390000000000 
 19049 23543390000000000 
 19057 23543390000000000 
 19065 23543390000000000 
 19073 23543390000000000 
 19081 23543390000000000 
 19089 23543390000000000 
 19097 23543390000000000 
 19105 23543390000000000 
 19113 23543390000000000 
 19121 23543390000000000 
 19129 23543390000000000 
 19137 23543390000000000 
 19145 23543390000000000 
 19153 23543390000000000 
 19161 23543390000000000 
 19169 23543390000000000 
 19177 23543390000000000 
 19185 23543390000000000 
 19193 23543390000000000 
 19201 23543390000000000 
 19209 23543390000000000 
 19217 23543390000000000 
 19225 23543390000000000 
 19233 23543390000000000 
 19241 23543390000000000 
 19249 23543390000000000 
 19257 23543390000000000 
 19265 23543390000000000 
 19273 23543390000000000 
 19281 23543390000000000 
 19289 23543390000000000 
 19297 23543390000000000 
 19305 23543390000000000 
 19313 23543390000000000 
 19321 23543390000000000 
 19329 23543390000000000 
 19337 23543390000000000 
 19345 23543390000000000 
 19353 23543390000000000 
 19361 23543390000000000 
 19369 23543390000000000 
 19377 23543390000000000 
 19385 23543390000000000 
 19393 23543390000000000 
 19401 23543390000000000 
 19409 23543390000000000 
 19417 23543390000000000 
 19425 23543390000000000 
 19433 23543390000000000 
 19441 23543390000000000 
 19449 23543390000000000 
 19457 23543390000000000 
 19465 23543390000000000 
 19473 23543390000000000 
 19481 23543390000000000 
 19489 23543390000000000 
 19497 23543390000000000 
 19505 23543390000000000 
 19513 23543390000000000 
 19521 23543390000000000 
 19529 23543390000000000 
 19537 23543390000000000 
 19545 23543390000000000 
 19553 23543390000000000 
 19561 23543390000000000 
 19569 23543390000000000 
 19577 23543390000000000 
 19585 23543390000000000 
 19593 23543390000000000 
 19601 23543390000000000 
 19609 23543390000000000 
 19617 23543390000000000 
 19625 23543390000000000 
 19633 23543390000000000 
 19641 23543390000000000 
 19649 23543390000000000 
 19657 23543390000000000 
 19665 23543390000000000 
 19673 23543390000000000 
 19681 23543390000000000 
 19689 23543390000000000 
 19697 23543390000000000 
 19705 23543390000000000 
 19713 23543390000000000 
 19721 23543390000000000 
 19729 23543390000000000 
 19737 23543390000000000 
 19745 23543390000000000 
 19753 23543390000000000 
 19761 23543390000000000 
 19769 23543390000000000 
 19777 23543390000000000 
 19785 23543390000000000 
 19793 23543390000000000 
 19801 23543390000000000 
 19809 23543390000000000 
 19817 23543390000000000 
 19825 23543390000000000 
 19833 23543390000000000 
 19841 23543390000000000 
 19849 23543390000000000 
 19857 23543390000000000 
 19865 23543390000000000 
 19873 23543390000000000 
 19881 23543390000000000 
 19889 23543390000000000 
 19897 23543390000000000 
 19905 23543390000000000 
 19913 23543390000000000 
 19921 23543390000000000 
 19929 23543390000000000 
 19937 23543390000000000 
 19945 23543390000000000 
 19953 23543390000000000 
 19961 23543390000000000 
 19969 23543390000000000 
 19977 23543390000000000 
 19985 23543390000000000 
 19993 23543390000000000 
