  8001 663380000000 
  8005 743140610000 
  8009 13257000000000 
  8013 13257000000000 
  8017 13257000000000 
  8021 13257000000000 
  8025 13257000000000 
  8029 13257000000000 
  8033 13257000000000 
  8037 13257000000000 
  8041 13257000000000 
  8045 13257000000000 
  8049 13257000000000 
  8053 13257000000000 
  8057 13257000000000 
  8061 13257000000000 
  8065 13257000000000 
  8069 13257000000000 
  8073 13257000000000 
  8077 13257000000000 
  8081 13257000000000 
  8085 13257000000000 
  8089 13257000000000 
  8093 13257000000000 
  8097 13257000000000 
  8101 13257000000000 
  8105 13257000000000 
  8109 13257000000000 
  8113 13257000000000 
  8117 13257000000000 
  8121 13257000000000 
  8125 13257000000000 
  8129 13257000000000 
  8133 13257000000000 
  8137 13257000000000 
  8141 13257000000000 
  8145 13257000000000 
  8149 13257000000000 
  8153 13257000000000 
  8157 13257000000000 
  8161 13257000000000 
  8165 13257000000000 
  8169 13257000000000 
  8173 13257000000000 
  8177 13257000000000 
  8181 13257000000000 
  8185 13257000000000 
  8189 13257000000000 
  8193 13257000000000 
  8197 13257000000000 
  8201 13257000000000 
  8205 13257000000000 
  8209 13257000000000 
  8213 13257000000000 
  8217 13257000000000 
  8221 13257000000000 
  8225 13257000000000 
  8229 13257000000000 
  8233 13257000000000 
  8237 13257000000000 
  8241 13257000000000 
  8245 13257000000000 
  8249 13257000000000 
  8253 13257000000000 
  8257 13257000000000 
  8261 13257000000000 
  8265 13257000000000 
  8269 13257000000000 
  8273 13257000000000 
  8277 13257000000000 
  8281 13257000000000 
  8285 13257000000000 
  8289 13257000000000 
  8293 13257000000000 
  8297 13257000000000 
  8301 13257000000000 
  8305 13257000000000 
  8309 13257000000000 
  8313 13257000000000 
  8317 13257000000000 
  8321 13257000000000 
  8325 13257000000000 
  8329 13257000000000 
  8333 13257000000000 
  8337 13257000000000 
  8341 13257000000000 
  8345 13257000000000 
  8349 13257000000000 
  8353 13257000000000 
  8357 13257000000000 
  8361 13257000000000 
  8365 13257000000000 
  8369 13257000000000 
  8373 13257000000000 
  8377 13257000000000 
  8381 13257000000000 
  8385 13257000000000 
  8389 13257000000000 
  8393 13257000000000 
  8397 13257000000000 
  8401 13257000000000 
  8405 13257000000000 
  8409 13257000000000 
  8413 13257000000000 
  8417 13257000000000 
  8421 13257000000000 
  8425 13257000000000 
  8429 13257000000000 
  8433 13257000000000 
  8437 13257000000000 
  8441 13257000000000 
  8445 13257000000000 
  8449 13257000000000 
  8453 13257000000000 
  8457 13257000000000 
  8461 13257000000000 
  8465 13257000000000 
  8469 13257000000000 
  8473 13257000000000 
  8477 13257000000000 
  8481 13257000000000 
  8485 13257000000000 
  8489 13257000000000 
  8493 13257000000000 
  8497 13257000000000 
  8501 13257000000000 
  8505 13257000000000 
  8509 13257000000000 
  8513 13257000000000 
  8517 13257000000000 
  8521 13257000000000 
  8525 13257000000000 
  8529 13257000000000 
  8533 13257000000000 
  8537 13257000000000 
  8541 13257000000000 
  8545 13257000000000 
  8549 13257000000000 
  8553 13257000000000 
  8557 13257000000000 
  8561 13257000000000 
  8565 13257000000000 
  8569 13257000000000 
  8573 13257000000000 
  8577 13257000000000 
  8581 13257000000000 
  8585 13257000000000 
  8589 13257000000000 
  8593 13257000000000 
  8597 13257000000000 
  8601 13257000000000 
  8605 13257000000000 
  8609 13257000000000 
  8613 13257000000000 
  8617 13257000000000 
  8621 13257000000000 
  8625 13257000000000 
  8629 13257000000000 
  8633 13257000000000 
  8637 13257000000000 
  8641 13257000000000 
  8645 13257000000000 
  8649 13257000000000 
  8653 13257000000000 
  8657 13257000000000 
  8661 13257000000000 
  8665 13257000000000 
  8669 13257000000000 
  8673 13257000000000 
  8677 13257000000000 
  8681 13257000000000 
  8685 13257000000000 
  8689 13257000000000 
  8693 13257000000000 
  8697 13257000000000 
  8701 13257000000000 
  8705 13257000000000 
  8709 13257000000000 
  8713 13257000000000 
  8717 13257000000000 
  8721 13257000000000 
  8725 13257000000000 
  8729 13257000000000 
  8733 13257000000000 
  8737 13257000000000 
  8741 13257000000000 
  8745 13257000000000 
  8749 13257000000000 
  8753 13257000000000 
  8757 13257000000000 
  8761 13257000000000 
  8765 13257000000000 
  8769 13257000000000 
  8773 13257000000000 
  8777 13257000000000 
  8781 13257000000000 
  8785 13257000000000 
  8789 13257000000000 
  8793 13257000000000 
  8797 13257000000000 
  8801 13257000000000 
  8805 13257000000000 
  8809 13257000000000 
  8813 13257000000000 
  8817 13257000000000 
  8821 13257000000000 
  8825 13257000000000 
  8829 13257000000000 
  8833 13257000000000 
  8837 13257000000000 
  8841 13257000000000 
  8845 13257000000000 
  8849 13257000000000 
  8853 13257000000000 
  8857 13257000000000 
  8861 13257000000000 
  8865 13257000000000 
  8869 13257000000000 
  8873 13257000000000 
  8877 13257000000000 
  8881 13257000000000 
  8885 13257000000000 
  8889 13257000000000 
  8893 13257000000000 
  8897 13257000000000 
  8901 13257000000000 
  8905 13257000000000 
  8909 13257000000000 
  8913 13257000000000 
  8917 13257000000000 
  8921 13257000000000 
  8925 13257000000000 
  8929 13257000000000 
  8933 13257000000000 
  8937 13257000000000 
  8941 13257000000000 
  8945 13257000000000 
  8949 13257000000000 
  8953 13257000000000 
  8957 13257000000000 
  8961 13257000000000 
  8965 13257000000000 
  8969 13257000000000 
  8973 13257000000000 
  8977 13257000000000 
  8981 13257000000000 
  8985 13257000000000 
  8989 13257000000000 
  8993 13257000000000 
  8997 13257000000000 
  9001 13257000000000 
  9005 13257000000000 
  9009 13257000000000 
  9013 13257000000000 
  9017 13257000000000 
  9021 13257000000000 
  9025 13257000000000 
  9029 13257000000000 
  9033 13257000000000 
  9037 13257000000000 
  9041 13257000000000 
  9045 13257000000000 
  9049 13257000000000 
  9053 13257000000000 
  9057 13257000000000 
  9061 13257000000000 
  9065 13257000000000 
  9069 13257000000000 
  9073 13257000000000 
  9077 13257000000000 
  9081 13257000000000 
  9085 13257000000000 
  9089 13257000000000 
  9093 13257000000000 
  9097 13257000000000 
  9101 13257000000000 
  9105 13257000000000 
  9109 13257000000000 
  9113 13257000000000 
  9117 13257000000000 
  9121 13257000000000 
  9125 13257000000000 
  9129 13257000000000 
  9133 13257000000000 
  9137 13257000000000 
  9141 13257000000000 
  9145 13257000000000 
  9149 13257000000000 
  9153 13257000000000 
  9157 13257000000000 
  9161 13257000000000 
  9165 13257000000000 
  9169 13257000000000 
  9173 13257000000000 
  9177 13257000000000 
  9181 13257000000000 
  9185 13257000000000 
  9189 13257000000000 
  9193 13257000000000 
  9197 13257000000000 
  9201 13257000000000 
  9205 13257000000000 
  9209 13257000000000 
  9213 13257000000000 
  9217 13257000000000 
  9221 13257000000000 
  9225 13257000000000 
  9229 13257000000000 
  9233 13257000000000 
  9237 13257000000000 
  9241 13257000000000 
  9245 13257000000000 
  9249 13257000000000 
  9253 13257000000000 
  9257 13257000000000 
  9261 13257000000000 
  9265 13257000000000 
  9269 13257000000000 
  9273 13257000000000 
  9277 13257000000000 
  9281 13257000000000 
  9285 13257000000000 
  9289 13257000000000 
  9293 13257000000000 
  9297 13257000000000 
  9301 13257000000000 
  9305 13257000000000 
  9309 13257000000000 
  9313 13257000000000 
  9317 13257000000000 
  9321 13257000000000 
  9325 13257000000000 
  9329 13257000000000 
  9333 13257000000000 
  9337 13257000000000 
  9341 13257000000000 
  9345 13257000000000 
  9349 13257000000000 
  9353 13257000000000 
  9357 13257000000000 
  9361 13257000000000 
  9365 13257000000000 
  9369 13257000000000 
  9373 13257000000000 
  9377 13257000000000 
  9381 13257000000000 
  9385 13257000000000 
  9389 13257000000000 
  9393 13257000000000 
  9397 13257000000000 
  9401 13257000000000 
  9405 13257000000000 
  9409 13257000000000 
  9413 13257000000000 
  9417 13257000000000 
  9421 13257000000000 
  9425 13257000000000 
  9429 13257000000000 
  9433 13257000000000 
  9437 13257000000000 
  9441 13257000000000 
  9445 13257000000000 
  9449 13257000000000 
  9453 13257000000000 
  9457 13257000000000 
  9461 13257000000000 
  9465 13257000000000 
  9469 13257000000000 
  9473 13257000000000 
  9477 13257000000000 
  9481 13257000000000 
  9485 13257000000000 
  9489 13257000000000 
  9493 13257000000000 
  9497 13257000000000 
  9501 13257000000000 
  9505 13257000000000 
  9509 13257000000000 
  9513 13257000000000 
  9517 13257000000000 
  9521 13257000000000 
  9525 13257000000000 
  9529 13257000000000 
  9533 13257000000000 
  9537 13257000000000 
  9541 13257000000000 
  9545 13257000000000 
  9549 13257000000000 
  9553 13257000000000 
  9557 13257000000000 
  9561 13257000000000 
  9565 13257000000000 
  9569 13257000000000 
  9573 13257000000000 
  9577 13257000000000 
  9581 13257000000000 
  9585 13257000000000 
  9589 13257000000000 
  9593 13257000000000 
  9597 13257000000000 
  9601 13257000000000 
  9605 13257000000000 
  9609 13257000000000 
  9613 13257000000000 
  9617 13257000000000 
  9621 13257000000000 
  9625 13257000000000 
  9629 13257000000000 
  9633 13257000000000 
  9637 13257000000000 
  9641 13257000000000 
  9645 13257000000000 
  9649 13257000000000 
  9653 13257000000000 
  9657 13257000000000 
  9661 13257000000000 
  9665 13257000000000 
  9669 13257000000000 
  9673 13257000000000 
  9677 13257000000000 
  9681 13257000000000 
  9685 13257000000000 
  9689 13257000000000 
  9693 13257000000000 
  9697 13257000000000 
  9701 13257000000000 
  9705 13257000000000 
  9709 13257000000000 
  9713 13257000000000 
  9717 13257000000000 
  9721 13257000000000 
  9725 13257000000000 
  9729 13257000000000 
  9733 13257000000000 
  9737 13257000000000 
  9741 13257000000000 
  9745 13257000000000 
  9749 13257000000000 
  9753 13257000000000 
  9757 13257000000000 
  9761 13257000000000 
  9765 13257000000000 
  9769 13257000000000 
  9773 13257000000000 
  9777 13257000000000 
  9781 13257000000000 
  9785 13257000000000 
  9789 13257000000000 
  9793 13257000000000 
  9797 13257000000000 
  9801 13257000000000 
  9805 13257000000000 
  9809 13257000000000 
  9813 13257000000000 
  9817 13257000000000 
  9821 13257000000000 
  9825 13257000000000 
  9829 13257000000000 
  9833 13257000000000 
  9837 13257000000000 
  9841 13257000000000 
  9845 13257000000000 
  9849 13257000000000 
  9853 13257000000000 
  9857 13257000000000 
  9861 13257000000000 
  9865 13257000000000 
  9869 13257000000000 
  9873 13257000000000 
  9877 13257000000000 
  9881 13257000000000 
  9885 13257000000000 
  9889 13257000000000 
  9893 13257000000000 
  9897 13257000000000 
  9901 13257000000000 
  9905 13257000000000 
  9909 13257000000000 
  9913 13257000000000 
  9917 13257000000000 
  9921 13257000000000 
  9925 13257000000000 
  9929 13257000000000 
  9933 13257000000000 
  9937 13257000000000 
  9941 13257000000000 
  9945 13257000000000 
  9949 13257000000000 
  9953 13257000000000 
  9957 13257000000000 
  9961 13257000000000 
  9965 13257000000000 
  9969 13257000000000 
  9973 13257000000000 
  9977 13257000000000 
  9981 13257000000000 
  9985 13257000000000 
  9989 13257000000000 
  9993 13257000000000 
  9997 13257000000000 
 10001 13257000000000 
 10005 13257000000000 
 10009 13257000000000 
 10013 13257000000000 
 10017 13257000000000 
 10021 13257000000000 
 10025 13257000000000 
 10029 13257000000000 
 10033 13257000000000 
 10037 13257000000000 
 10041 13257000000000 
 10045 13257000000000 
 10049 13257000000000 
 10053 13257000000000 
 10057 13257000000000 
 10061 13257000000000 
 10065 13257000000000 
 10069 13257000000000 
 10073 13257000000000 
 10077 13257000000000 
 10081 13257000000000 
 10085 13257000000000 
 10089 13257000000000 
 10093 13257000000000 
 10097 13257000000000 
 10101 13257000000000 
 10105 13257000000000 
 10109 13257000000000 
 10113 13257000000000 
 10117 13257000000000 
 10121 13257000000000 
 10125 13257000000000 
 10129 13257000000000 
 10133 13257000000000 
 10137 13257000000000 
 10141 13257000000000 
 10145 13257000000000 
 10149 13257000000000 
 10153 13257000000000 
 10157 13257000000000 
 10161 13257000000000 
 10165 13257000000000 
 10169 13257000000000 
 10173 13257000000000 
 10177 13257000000000 
 10181 13257000000000 
 10185 13257000000000 
 10189 13257000000000 
 10193 13257000000000 
 10197 13257000000000 
 10201 13257000000000 
 10205 13257000000000 
 10209 13257000000000 
 10213 13257000000000 
 10217 13257000000000 
 10221 13257000000000 
 10225 13257000000000 
 10229 13257000000000 
 10233 13257000000000 
 10237 13257000000000 
 10241 13257000000000 
 10245 13257000000000 
 10249 13257000000000 
 10253 13257000000000 
 10257 13257000000000 
 10261 13257000000000 
 10265 13257000000000 
 10269 13257000000000 
 10273 13257000000000 
 10277 13257000000000 
 10281 13257000000000 
 10285 13257000000000 
 10289 13257000000000 
 10293 13257000000000 
 10297 13257000000000 
 10301 13257000000000 
 10305 13257000000000 
 10309 13257000000000 
 10313 13257000000000 
 10317 13257000000000 
 10321 13257000000000 
 10325 13257000000000 
 10329 13257000000000 
 10333 13257000000000 
 10337 13257000000000 
 10341 13257000000000 
 10345 13257000000000 
 10349 13257000000000 
 10353 13257000000000 
 10357 13257000000000 
 10361 13257000000000 
 10365 13257000000000 
 10369 13257000000000 
 10373 13257000000000 
 10377 13257000000000 
 10381 13257000000000 
 10385 13257000000000 
 10389 13257000000000 
 10393 13257000000000 
 10397 13257000000000 
 10401 13257000000000 
 10405 13257000000000 
 10409 13257000000000 
 10413 13257000000000 
 10417 13257000000000 
 10421 13257000000000 
 10425 13257000000000 
 10429 13257000000000 
 10433 13257000000000 
 10437 13257000000000 
 10441 13257000000000 
 10445 13257000000000 
 10449 13257000000000 
 10453 13257000000000 
 10457 13257000000000 
 10461 13257000000000 
 10465 13257000000000 
 10469 13257000000000 
 10473 13257000000000 
 10477 13257000000000 
 10481 13257000000000 
 10485 13257000000000 
 10489 13257000000000 
 10493 13257000000000 
 10497 13257000000000 
 10501 13257000000000 
 10505 13257000000000 
 10509 13257000000000 
 10513 13257000000000 
 10517 13257000000000 
 10521 13257000000000 
 10525 13257000000000 
 10529 13257000000000 
 10533 13257000000000 
 10537 13257000000000 
 10541 13257000000000 
 10545 13257000000000 
 10549 13257000000000 
 10553 13257000000000 
 10557 13257000000000 
 10561 13257000000000 
 10565 13257000000000 
 10569 13257000000000 
 10573 13257000000000 
 10577 13257000000000 
 10581 13257000000000 
 10585 13257000000000 
 10589 13257000000000 
 10593 13257000000000 
 10597 13257000000000 
 10601 13257000000000 
 10605 13257000000000 
 10609 13257000000000 
 10613 13257000000000 
 10617 13257000000000 
 10621 13257000000000 
 10625 13257000000000 
 10629 13257000000000 
 10633 13257000000000 
 10637 13257000000000 
 10641 13257000000000 
 10645 13257000000000 
 10649 13257000000000 
 10653 13257000000000 
 10657 13257000000000 
 10661 13257000000000 
 10665 13257000000000 
 10669 13257000000000 
 10673 13257000000000 
 10677 13257000000000 
 10681 13257000000000 
 10685 13257000000000 
 10689 13257000000000 
 10693 13257000000000 
 10697 13257000000000 
 10701 13257000000000 
 10705 13257000000000 
 10709 13257000000000 
 10713 13257000000000 
 10717 13257000000000 
 10721 13257000000000 
 10725 13257000000000 
 10729 13257000000000 
 10733 13257000000000 
 10737 13257000000000 
 10741 13257000000000 
 10745 13257000000000 
 10749 13257000000000 
 10753 13257000000000 
 10757 13257000000000 
 10761 13257000000000 
 10765 13257000000000 
 10769 13257000000000 
 10773 13257000000000 
 10777 13257000000000 
 10781 13257000000000 
 10785 13257000000000 
 10789 13257000000000 
 10793 13257000000000 
 10797 13257000000000 
 10801 13257000000000 
 10805 13257000000000 
 10809 13257000000000 
 10813 13257000000000 
 10817 13257000000000 
 10821 13257000000000 
 10825 13257000000000 
 10829 13257000000000 
 10833 13257000000000 
 10837 13257000000000 
 10841 13257000000000 
 10845 13257000000000 
 10849 13257000000000 
 10853 13257000000000 
 10857 13257000000000 
 10861 13257000000000 
 10865 13257000000000 
 10869 13257000000000 
 10873 13257000000000 
 10877 13257000000000 
 10881 13257000000000 
 10885 13257000000000 
 10889 13257000000000 
 10893 13257000000000 
 10897 13257000000000 
 10901 13257000000000 
 10905 13257000000000 
 10909 13257000000000 
 10913 13257000000000 
 10917 13257000000000 
 10921 13257000000000 
 10925 13257000000000 
 10929 13257000000000 
 10933 13257000000000 
 10937 13257000000000 
 10941 13257000000000 
 10945 13257000000000 
 10949 13257000000000 
 10953 13257000000000 
 10957 13257000000000 
 10961 13257000000000 
 10965 13257000000000 
 10969 13257000000000 
 10973 13257000000000 
 10977 13257000000000 
 10981 13257000000000 
 10985 13257000000000 
 10989 13257000000000 
 10993 13257000000000 
 10997 13257000000000 
 11001 13257000000000 
 11005 13257000000000 
 11009 13257000000000 
 11013 13257000000000 
 11017 13257000000000 
 11021 13257000000000 
 11025 13257000000000 
 11029 13257000000000 
 11033 13257000000000 
 11037 13257000000000 
 11041 13257000000000 
 11045 13257000000000 
 11049 13257000000000 
 11053 13257000000000 
 11057 13257000000000 
 11061 13257000000000 
 11065 13257000000000 
 11069 13257000000000 
 11073 13257000000000 
 11077 13257000000000 
 11081 13257000000000 
 11085 13257000000000 
 11089 13257000000000 
 11093 13257000000000 
 11097 13257000000000 
 11101 13257000000000 
 11105 13257000000000 
 11109 13257000000000 
 11113 13257000000000 
 11117 13257000000000 
 11121 13257000000000 
 11125 13257000000000 
 11129 13257000000000 
 11133 13257000000000 
 11137 13257000000000 
 11141 13257000000000 
 11145 13257000000000 
 11149 13257000000000 
 11153 13257000000000 
 11157 13257000000000 
 11161 13257000000000 
 11165 13257000000000 
 11169 13257000000000 
 11173 13257000000000 
 11177 13257000000000 
 11181 13257000000000 
 11185 13257000000000 
 11189 13257000000000 
 11193 13257000000000 
 11197 13257000000000 
 11201 13257000000000 
 11205 13257000000000 
 11209 13257000000000 
 11213 13257000000000 
 11217 13257000000000 
 11221 13257000000000 
 11225 13257000000000 
 11229 13257000000000 
 11233 13257000000000 
 11237 13257000000000 
 11241 13257000000000 
 11245 13257000000000 
 11249 13257000000000 
 11253 13257000000000 
 11257 13257000000000 
 11261 13257000000000 
 11265 13257000000000 
 11269 13257000000000 
 11273 13257000000000 
 11277 13257000000000 
 11281 13257000000000 
 11285 13257000000000 
 11289 13257000000000 
 11293 13257000000000 
 11297 13257000000000 
 11301 13257000000000 
 11305 13257000000000 
 11309 13257000000000 
 11313 13257000000000 
 11317 13257000000000 
 11321 13257000000000 
 11325 13257000000000 
 11329 13257000000000 
 11333 13257000000000 
 11337 13257000000000 
 11341 13257000000000 
 11345 13257000000000 
 11349 13257000000000 
 11353 13257000000000 
 11357 13257000000000 
 11361 13257000000000 
 11365 13257000000000 
 11369 13257000000000 
 11373 13257000000000 
 11377 13257000000000 
 11381 13257000000000 
 11385 13257000000000 
 11389 13257000000000 
 11393 13257000000000 
 11397 13257000000000 
 11401 13257000000000 
 11405 13257000000000 
 11409 13257000000000 
 11413 13257000000000 
 11417 13257000000000 
 11421 13257000000000 
 11425 13257000000000 
 11429 13257000000000 
 11433 13257000000000 
 11437 13257000000000 
 11441 13257000000000 
 11445 13257000000000 
 11449 13257000000000 
 11453 13257000000000 
 11457 13257000000000 
 11461 13257000000000 
 11465 13257000000000 
 11469 13257000000000 
 11473 13257000000000 
 11477 13257000000000 
 11481 13257000000000 
 11485 13257000000000 
 11489 13257000000000 
 11493 13257000000000 
 11497 13257000000000 
 11501 13257000000000 
 11505 13257000000000 
 11509 13257000000000 
 11513 13257000000000 
 11517 13257000000000 
 11521 13257000000000 
 11525 13257000000000 
 11529 13257000000000 
 11533 13257000000000 
 11537 13257000000000 
 11541 13257000000000 
 11545 13257000000000 
 11549 13257000000000 
 11553 13257000000000 
 11557 13257000000000 
 11561 13257000000000 
 11565 13257000000000 
 11569 13257000000000 
 11573 13257000000000 
 11577 13257000000000 
 11581 13257000000000 
 11585 13257000000000 
 11589 13257000000000 
 11593 13257000000000 
 11597 13257000000000 
 11601 13257000000000 
 11605 13257000000000 
 11609 13257000000000 
 11613 13257000000000 
 11617 13257000000000 
 11621 13257000000000 
 11625 13257000000000 
 11629 13257000000000 
 11633 13257000000000 
 11637 13257000000000 
 11641 13257000000000 
 11645 13257000000000 
 11649 13257000000000 
 11653 13257000000000 
 11657 13257000000000 
 11661 13257000000000 
 11665 13257000000000 
 11669 13257000000000 
 11673 13257000000000 
 11677 13257000000000 
 11681 13257000000000 
 11685 13257000000000 
 11689 13257000000000 
 11693 13257000000000 
 11697 13257000000000 
 11701 13257000000000 
 11705 13257000000000 
 11709 13257000000000 
 11713 13257000000000 
 11717 13257000000000 
 11721 13257000000000 
 11725 13257000000000 
 11729 13257000000000 
 11733 13257000000000 
 11737 13257000000000 
 11741 13257000000000 
 11745 13257000000000 
 11749 13257000000000 
 11753 13257000000000 
 11757 13257000000000 
 11761 13257000000000 
 11765 13257000000000 
 11769 13257000000000 
 11773 13257000000000 
 11777 13257000000000 
 11781 13257000000000 
 11785 13257000000000 
 11789 13257000000000 
 11793 13257000000000 
 11797 13257000000000 
 11801 13257000000000 
 11805 13257000000000 
 11809 13257000000000 
 11813 13257000000000 
 11817 13257000000000 
 11821 13257000000000 
 11825 13257000000000 
 11829 13257000000000 
 11833 13257000000000 
 11837 13257000000000 
 11841 13257000000000 
 11845 13257000000000 
 11849 13257000000000 
 11853 13257000000000 
 11857 13257000000000 
 11861 13257000000000 
 11865 13257000000000 
 11869 13257000000000 
 11873 13257000000000 
 11877 13257000000000 
 11881 13257000000000 
 11885 13257000000000 
 11889 13257000000000 
 11893 13257000000000 
 11897 13257000000000 
 11901 13257000000000 
 11905 13257000000000 
 11909 13257000000000 
 11913 13257000000000 
 11917 13257000000000 
 11921 13257000000000 
 11925 13257000000000 
 11929 13257000000000 
 11933 13257000000000 
 11937 13257000000000 
 11941 13257000000000 
 11945 13257000000000 
 11949 13257000000000 
 11953 13257000000000 
 11957 13257000000000 
 11961 13257000000000 
 11965 13257000000000 
 11969 13257000000000 
 11973 13257000000000 
 11977 13257000000000 
 11981 13257000000000 
 11985 13257000000000 
 11989 13257000000000 
 11993 13257000000000 
 11997 13257000000000 
 12001 663380000000 
 12005 8154813800000 
 12009 13257000000000 
 12013 13257000000000 
 12017 13257000000000 
 12021 13257000000000 
 12025 13257000000000 
 12029 13257000000000 
 12033 13257000000000 
 12037 13257000000000 
 12041 13257000000000 
 12045 13257000000000 
 12049 13257000000000 
 12053 13257000000000 
 12057 13257000000000 
 12061 13257000000000 
 12065 13257000000000 
 12069 13257000000000 
 12073 13257000000000 
 12077 13257000000000 
 12081 13257000000000 
 12085 13257000000000 
 12089 13257000000000 
 12093 13257000000000 
 12097 13257000000000 
 12101 13257000000000 
 12105 13257000000000 
 12109 13257000000000 
 12113 13257000000000 
 12117 13257000000000 
 12121 13257000000000 
 12125 13257000000000 
 12129 13257000000000 
 12133 13257000000000 
 12137 13257000000000 
 12141 13257000000000 
 12145 13257000000000 
 12149 13257000000000 
 12153 13257000000000 
 12157 13257000000000 
 12161 13257000000000 
 12165 13257000000000 
 12169 13257000000000 
 12173 13257000000000 
 12177 13257000000000 
 12181 13257000000000 
 12185 13257000000000 
 12189 13257000000000 
 12193 13257000000000 
 12197 13257000000000 
 12201 13257000000000 
 12205 13257000000000 
 12209 13257000000000 
 12213 13257000000000 
 12217 13257000000000 
 12221 13257000000000 
 12225 13257000000000 
 12229 13257000000000 
 12233 13257000000000 
 12237 13257000000000 
 12241 13257000000000 
 12245 13257000000000 
 12249 13257000000000 
 12253 13257000000000 
 12257 13257000000000 
 12261 13257000000000 
 12265 13257000000000 
 12269 13257000000000 
 12273 13257000000000 
 12277 13257000000000 
 12281 13257000000000 
 12285 13257000000000 
 12289 13257000000000 
 12293 13257000000000 
 12297 13257000000000 
 12301 13257000000000 
 12305 13257000000000 
 12309 13257000000000 
 12313 13257000000000 
 12317 13257000000000 
 12321 13257000000000 
 12325 13257000000000 
 12329 13257000000000 
 12333 13257000000000 
 12337 13257000000000 
 12341 13257000000000 
 12345 13257000000000 
 12349 13257000000000 
 12353 13257000000000 
 12357 13257000000000 
 12361 13257000000000 
 12365 13257000000000 
 12369 13257000000000 
 12373 13257000000000 
 12377 13257000000000 
 12381 13257000000000 
 12385 13257000000000 
 12389 13257000000000 
 12393 13257000000000 
 12397 13257000000000 
 12401 13257000000000 
 12405 13257000000000 
 12409 13257000000000 
 12413 13257000000000 
 12417 13257000000000 
 12421 13257000000000 
 12425 13257000000000 
 12429 13257000000000 
 12433 13257000000000 
 12437 13257000000000 
 12441 13257000000000 
 12445 13257000000000 
 12449 13257000000000 
 12453 13257000000000 
 12457 13257000000000 
 12461 13257000000000 
 12465 13257000000000 
 12469 13257000000000 
 12473 13257000000000 
 12477 13257000000000 
 12481 13257000000000 
 12485 13257000000000 
 12489 13257000000000 
 12493 13257000000000 
 12497 13257000000000 
 12501 13257000000000 
 12505 13257000000000 
 12509 13257000000000 
 12513 13257000000000 
 12517 13257000000000 
 12521 13257000000000 
 12525 13257000000000 
 12529 13257000000000 
 12533 13257000000000 
 12537 13257000000000 
 12541 13257000000000 
 12545 13257000000000 
 12549 13257000000000 
 12553 13257000000000 
 12557 13257000000000 
 12561 13257000000000 
 12565 13257000000000 
 12569 13257000000000 
 12573 13257000000000 
 12577 13257000000000 
 12581 13257000000000 
 12585 13257000000000 
 12589 13257000000000 
 12593 13257000000000 
 12597 13257000000000 
 12601 13257000000000 
 12605 13257000000000 
 12609 13257000000000 
 12613 13257000000000 
 12617 13257000000000 
 12621 13257000000000 
 12625 13257000000000 
 12629 13257000000000 
 12633 13257000000000 
 12637 13257000000000 
 12641 13257000000000 
 12645 13257000000000 
 12649 13257000000000 
 12653 13257000000000 
 12657 13257000000000 
 12661 13257000000000 
 12665 13257000000000 
 12669 13257000000000 
 12673 13257000000000 
 12677 13257000000000 
 12681 13257000000000 
 12685 13257000000000 
 12689 13257000000000 
 12693 13257000000000 
 12697 13257000000000 
 12701 13257000000000 
 12705 13257000000000 
 12709 13257000000000 
 12713 13257000000000 
 12717 13257000000000 
 12721 13257000000000 
 12725 13257000000000 
 12729 13257000000000 
 12733 13257000000000 
 12737 13257000000000 
 12741 13257000000000 
 12745 13257000000000 
 12749 13257000000000 
 12753 13257000000000 
 12757 13257000000000 
 12761 13257000000000 
 12765 13257000000000 
 12769 13257000000000 
 12773 13257000000000 
 12777 13257000000000 
 12781 13257000000000 
 12785 13257000000000 
 12789 13257000000000 
 12793 13257000000000 
 12797 13257000000000 
 12801 13257000000000 
 12805 13257000000000 
 12809 13257000000000 
 12813 13257000000000 
 12817 13257000000000 
 12821 13257000000000 
 12825 13257000000000 
 12829 13257000000000 
 12833 13257000000000 
 12837 13257000000000 
 12841 13257000000000 
 12845 13257000000000 
 12849 13257000000000 
 12853 13257000000000 
 12857 13257000000000 
 12861 13257000000000 
 12865 13257000000000 
 12869 13257000000000 
 12873 13257000000000 
 12877 13257000000000 
 12881 13257000000000 
 12885 13257000000000 
 12889 13257000000000 
 12893 13257000000000 
 12897 13257000000000 
 12901 13257000000000 
 12905 13257000000000 
 12909 13257000000000 
 12913 13257000000000 
 12917 13257000000000 
 12921 13257000000000 
 12925 13257000000000 
 12929 13257000000000 
 12933 13257000000000 
 12937 13257000000000 
 12941 13257000000000 
 12945 13257000000000 
 12949 13257000000000 
 12953 13257000000000 
 12957 13257000000000 
 12961 13257000000000 
 12965 13257000000000 
 12969 13257000000000 
 12973 13257000000000 
 12977 13257000000000 
 12981 13257000000000 
 12985 13257000000000 
 12989 13257000000000 
 12993 13257000000000 
 12997 13257000000000 
 13001 13257000000000 
 13005 13257000000000 
 13009 13257000000000 
 13013 13257000000000 
 13017 13257000000000 
 13021 13257000000000 
 13025 13257000000000 
 13029 13257000000000 
 13033 13257000000000 
 13037 13257000000000 
 13041 13257000000000 
 13045 13257000000000 
 13049 13257000000000 
 13053 13257000000000 
 13057 13257000000000 
 13061 13257000000000 
 13065 13257000000000 
 13069 13257000000000 
 13073 13257000000000 
 13077 13257000000000 
 13081 13257000000000 
 13085 13257000000000 
 13089 13257000000000 
 13093 13257000000000 
 13097 13257000000000 
 13101 13257000000000 
 13105 13257000000000 
 13109 13257000000000 
 13113 13257000000000 
 13117 13257000000000 
 13121 13257000000000 
 13125 13257000000000 
 13129 13257000000000 
 13133 13257000000000 
 13137 13257000000000 
 13141 13257000000000 
 13145 13257000000000 
 13149 13257000000000 
 13153 13257000000000 
 13157 13257000000000 
 13161 13257000000000 
 13165 13257000000000 
 13169 13257000000000 
 13173 13257000000000 
 13177 13257000000000 
 13181 13257000000000 
 13185 13257000000000 
 13189 13257000000000 
 13193 13257000000000 
 13197 13257000000000 
 13201 13257000000000 
 13205 13257000000000 
 13209 13257000000000 
 13213 13257000000000 
 13217 13257000000000 
 13221 13257000000000 
 13225 13257000000000 
 13229 13257000000000 
 13233 13257000000000 
 13237 13257000000000 
 13241 13257000000000 
 13245 13257000000000 
 13249 13257000000000 
 13253 13257000000000 
 13257 13257000000000 
 13261 13257000000000 
 13265 13257000000000 
 13269 13257000000000 
 13273 13257000000000 
 13277 13257000000000 
 13281 13257000000000 
 13285 13257000000000 
 13289 13257000000000 
 13293 13257000000000 
 13297 13257000000000 
 13301 13257000000000 
 13305 13257000000000 
 13309 13257000000000 
 13313 13257000000000 
 13317 13257000000000 
 13321 13257000000000 
 13325 13257000000000 
 13329 13257000000000 
 13333 13257000000000 
 13337 13257000000000 
 13341 13257000000000 
 13345 13257000000000 
 13349 13257000000000 
 13353 13257000000000 
 13357 13257000000000 
 13361 13257000000000 
 13365 13257000000000 
 13369 13257000000000 
 13373 13257000000000 
 13377 13257000000000 
 13381 13257000000000 
 13385 13257000000000 
 13389 13257000000000 
 13393 13257000000000 
 13397 13257000000000 
 13401 13257000000000 
 13405 13257000000000 
 13409 13257000000000 
 13413 13257000000000 
 13417 13257000000000 
 13421 13257000000000 
 13425 13257000000000 
 13429 13257000000000 
 13433 13257000000000 
 13437 13257000000000 
 13441 13257000000000 
 13445 13257000000000 
 13449 13257000000000 
 13453 13257000000000 
 13457 13257000000000 
 13461 13257000000000 
 13465 13257000000000 
 13469 13257000000000 
 13473 13257000000000 
 13477 13257000000000 
 13481 13257000000000 
 13485 13257000000000 
 13489 13257000000000 
 13493 13257000000000 
 13497 13257000000000 
 13501 13257000000000 
 13505 13257000000000 
 13509 13257000000000 
 13513 13257000000000 
 13517 13257000000000 
 13521 13257000000000 
 13525 13257000000000 
 13529 13257000000000 
 13533 13257000000000 
 13537 13257000000000 
 13541 13257000000000 
 13545 13257000000000 
 13549 13257000000000 
 13553 13257000000000 
 13557 13257000000000 
 13561 13257000000000 
 13565 13257000000000 
 13569 13257000000000 
 13573 13257000000000 
 13577 13257000000000 
 13581 13257000000000 
 13585 13257000000000 
 13589 13257000000000 
 13593 13257000000000 
 13597 13257000000000 
 13601 13257000000000 
 13605 13257000000000 
 13609 13257000000000 
 13613 13257000000000 
 13617 13257000000000 
 13621 13257000000000 
 13625 13257000000000 
 13629 13257000000000 
 13633 13257000000000 
 13637 13257000000000 
 13641 13257000000000 
 13645 13257000000000 
 13649 13257000000000 
 13653 13257000000000 
 13657 13257000000000 
 13661 13257000000000 
 13665 13257000000000 
 13669 13257000000000 
 13673 13257000000000 
 13677 13257000000000 
 13681 13257000000000 
 13685 13257000000000 
 13689 13257000000000 
 13693 13257000000000 
 13697 13257000000000 
 13701 13257000000000 
 13705 13257000000000 
 13709 13257000000000 
 13713 13257000000000 
 13717 13257000000000 
 13721 13257000000000 
 13725 13257000000000 
 13729 13257000000000 
 13733 13257000000000 
 13737 13257000000000 
 13741 13257000000000 
 13745 13257000000000 
 13749 13257000000000 
 13753 13257000000000 
 13757 13257000000000 
 13761 13257000000000 
 13765 13257000000000 
 13769 13257000000000 
 13773 13257000000000 
 13777 13257000000000 
 13781 13257000000000 
 13785 13257000000000 
 13789 13257000000000 
 13793 13257000000000 
 13797 13257000000000 
 13801 13257000000000 
 13805 13257000000000 
 13809 13257000000000 
 13813 13257000000000 
 13817 13257000000000 
 13821 13257000000000 
 13825 13257000000000 
 13829 13257000000000 
 13833 13257000000000 
 13837 13257000000000 
 13841 13257000000000 
 13845 13257000000000 
 13849 13257000000000 
 13853 13257000000000 
 13857 13257000000000 
 13861 13257000000000 
 13865 13257000000000 
 13869 13257000000000 
 13873 13257000000000 
 13877 13257000000000 
 13881 13257000000000 
 13885 13257000000000 
 13889 13257000000000 
 13893 13257000000000 
 13897 13257000000000 
 13901 13257000000000 
 13905 13257000000000 
 13909 13257000000000 
 13913 13257000000000 
 13917 13257000000000 
 13921 13257000000000 
 13925 13257000000000 
 13929 13257000000000 
 13933 13257000000000 
 13937 13257000000000 
 13941 13257000000000 
 13945 13257000000000 
 13949 13257000000000 
 13953 13257000000000 
 13957 13257000000000 
 13961 13257000000000 
 13965 13257000000000 
 13969 13257000000000 
 13973 13257000000000 
 13977 13257000000000 
 13981 13257000000000 
 13985 13257000000000 
 13989 13257000000000 
 13993 13257000000000 
 13997 13257000000000 
 14001 13257000000000 
 14005 13257000000000 
 14009 13257000000000 
 14013 13257000000000 
 14017 13257000000000 
 14021 13257000000000 
 14025 13257000000000 
 14029 13257000000000 
 14033 13257000000000 
 14037 13257000000000 
 14041 13257000000000 
 14045 13257000000000 
 14049 13257000000000 
 14053 13257000000000 
 14057 13257000000000 
 14061 13257000000000 
 14065 13257000000000 
 14069 13257000000000 
 14073 13257000000000 
 14077 13257000000000 
 14081 13257000000000 
 14085 13257000000000 
 14089 13257000000000 
 14093 13257000000000 
 14097 13257000000000 
 14101 13257000000000 
 14105 13257000000000 
 14109 13257000000000 
 14113 13257000000000 
 14117 13257000000000 
 14121 13257000000000 
 14125 13257000000000 
 14129 13257000000000 
 14133 13257000000000 
 14137 13257000000000 
 14141 13257000000000 
 14145 13257000000000 
 14149 13257000000000 
 14153 13257000000000 
 14157 13257000000000 
 14161 13257000000000 
 14165 13257000000000 
 14169 13257000000000 
 14173 13257000000000 
 14177 13257000000000 
 14181 13257000000000 
 14185 13257000000000 
 14189 13257000000000 
 14193 13257000000000 
 14197 13257000000000 
 14201 13257000000000 
 14205 13257000000000 
 14209 13257000000000 
 14213 13257000000000 
 14217 13257000000000 
 14221 13257000000000 
 14225 13257000000000 
 14229 13257000000000 
 14233 13257000000000 
 14237 13257000000000 
 14241 13257000000000 
 14245 13257000000000 
 14249 13257000000000 
 14253 13257000000000 
 14257 13257000000000 
 14261 13257000000000 
 14265 13257000000000 
 14269 13257000000000 
 14273 13257000000000 
 14277 13257000000000 
 14281 13257000000000 
 14285 13257000000000 
 14289 13257000000000 
 14293 13257000000000 
 14297 13257000000000 
 14301 13257000000000 
 14305 13257000000000 
 14309 13257000000000 
 14313 13257000000000 
 14317 13257000000000 
 14321 13257000000000 
 14325 13257000000000 
 14329 13257000000000 
 14333 13257000000000 
 14337 13257000000000 
 14341 13257000000000 
 14345 13257000000000 
 14349 13257000000000 
 14353 13257000000000 
 14357 13257000000000 
 14361 13257000000000 
 14365 13257000000000 
 14369 13257000000000 
 14373 13257000000000 
 14377 13257000000000 
 14381 13257000000000 
 14385 13257000000000 
 14389 13257000000000 
 14393 13257000000000 
 14397 13257000000000 
 14401 13257000000000 
 14405 13257000000000 
 14409 13257000000000 
 14413 13257000000000 
 14417 13257000000000 
 14421 13257000000000 
 14425 13257000000000 
 14429 13257000000000 
 14433 13257000000000 
 14437 13257000000000 
 14441 13257000000000 
 14445 13257000000000 
 14449 13257000000000 
 14453 13257000000000 
 14457 13257000000000 
 14461 13257000000000 
 14465 13257000000000 
 14469 13257000000000 
 14473 13257000000000 
 14477 13257000000000 
 14481 13257000000000 
 14485 13257000000000 
 14489 13257000000000 
 14493 13257000000000 
 14497 13257000000000 
 14501 13257000000000 
 14505 13257000000000 
 14509 13257000000000 
 14513 13257000000000 
 14517 13257000000000 
 14521 13257000000000 
 14525 13257000000000 
 14529 13257000000000 
 14533 13257000000000 
 14537 13257000000000 
 14541 13257000000000 
 14545 13257000000000 
 14549 13257000000000 
 14553 13257000000000 
 14557 13257000000000 
 14561 13257000000000 
 14565 13257000000000 
 14569 13257000000000 
 14573 13257000000000 
 14577 13257000000000 
 14581 13257000000000 
 14585 13257000000000 
 14589 13257000000000 
 14593 13257000000000 
 14597 13257000000000 
 14601 13257000000000 
 14605 13257000000000 
 14609 13257000000000 
 14613 13257000000000 
 14617 13257000000000 
 14621 13257000000000 
 14625 13257000000000 
 14629 13257000000000 
 14633 13257000000000 
 14637 13257000000000 
 14641 13257000000000 
 14645 13257000000000 
 14649 13257000000000 
 14653 13257000000000 
 14657 13257000000000 
 14661 13257000000000 
 14665 13257000000000 
 14669 13257000000000 
 14673 13257000000000 
 14677 13257000000000 
 14681 13257000000000 
 14685 13257000000000 
 14689 13257000000000 
 14693 13257000000000 
 14697 13257000000000 
 14701 13257000000000 
 14705 13257000000000 
 14709 13257000000000 
 14713 13257000000000 
 14717 13257000000000 
 14721 13257000000000 
 14725 13257000000000 
 14729 13257000000000 
 14733 13257000000000 
 14737 13257000000000 
 14741 13257000000000 
 14745 13257000000000 
 14749 13257000000000 
 14753 13257000000000 
 14757 13257000000000 
 14761 13257000000000 
 14765 13257000000000 
 14769 13257000000000 
 14773 13257000000000 
 14777 13257000000000 
 14781 13257000000000 
 14785 13257000000000 
 14789 13257000000000 
 14793 13257000000000 
 14797 13257000000000 
 14801 13257000000000 
 14805 13257000000000 
 14809 13257000000000 
 14813 13257000000000 
 14817 13257000000000 
 14821 13257000000000 
 14825 13257000000000 
 14829 13257000000000 
 14833 13257000000000 
 14837 13257000000000 
 14841 13257000000000 
 14845 13257000000000 
 14849 13257000000000 
 14853 13257000000000 
 14857 13257000000000 
 14861 13257000000000 
 14865 13257000000000 
 14869 13257000000000 
 14873 13257000000000 
 14877 13257000000000 
 14881 13257000000000 
 14885 13257000000000 
 14889 13257000000000 
 14893 13257000000000 
 14897 13257000000000 
 14901 13257000000000 
 14905 13257000000000 
 14909 13257000000000 
 14913 13257000000000 
 14917 13257000000000 
 14921 13257000000000 
 14925 13257000000000 
 14929 13257000000000 
 14933 13257000000000 
 14937 13257000000000 
 14941 13257000000000 
 14945 13257000000000 
 14949 13257000000000 
 14953 13257000000000 
 14957 13257000000000 
 14961 13257000000000 
 14965 13257000000000 
 14969 13257000000000 
 14973 13257000000000 
 14977 13257000000000 
 14981 13257000000000 
 14985 13257000000000 
 14989 13257000000000 
 14993 13257000000000 
 14997 13257000000000 
 15001 13257000000000 
 15005 13257000000000 
 15009 13257000000000 
 15013 13257000000000 
 15017 13257000000000 
 15021 13257000000000 
 15025 13257000000000 
 15029 13257000000000 
 15033 13257000000000 
 15037 13257000000000 
 15041 13257000000000 
 15045 13257000000000 
 15049 13257000000000 
 15053 13257000000000 
 15057 13257000000000 
 15061 13257000000000 
 15065 13257000000000 
 15069 13257000000000 
 15073 13257000000000 
 15077 13257000000000 
 15081 13257000000000 
 15085 13257000000000 
 15089 13257000000000 
 15093 13257000000000 
 15097 13257000000000 
 15101 13257000000000 
 15105 13257000000000 
 15109 13257000000000 
 15113 13257000000000 
 15117 13257000000000 
 15121 13257000000000 
 15125 13257000000000 
 15129 13257000000000 
 15133 13257000000000 
 15137 13257000000000 
 15141 13257000000000 
 15145 13257000000000 
 15149 13257000000000 
 15153 13257000000000 
 15157 13257000000000 
 15161 13257000000000 
 15165 13257000000000 
 15169 13257000000000 
 15173 13257000000000 
 15177 13257000000000 
 15181 13257000000000 
 15185 13257000000000 
 15189 13257000000000 
 15193 13257000000000 
 15197 13257000000000 
 15201 13257000000000 
 15205 13257000000000 
 15209 13257000000000 
 15213 13257000000000 
 15217 13257000000000 
 15221 13257000000000 
 15225 13257000000000 
 15229 13257000000000 
 15233 13257000000000 
 15237 13257000000000 
 15241 13257000000000 
 15245 13257000000000 
 15249 13257000000000 
 15253 13257000000000 
 15257 13257000000000 
 15261 13257000000000 
 15265 13257000000000 
 15269 13257000000000 
 15273 13257000000000 
 15277 13257000000000 
 15281 13257000000000 
 15285 13257000000000 
 15289 13257000000000 
 15293 13257000000000 
 15297 13257000000000 
 15301 13257000000000 
 15305 13257000000000 
 15309 13257000000000 
 15313 13257000000000 
 15317 13257000000000 
 15321 13257000000000 
 15325 13257000000000 
 15329 13257000000000 
 15333 13257000000000 
 15337 13257000000000 
 15341 13257000000000 
 15345 13257000000000 
 15349 13257000000000 
 15353 13257000000000 
 15357 13257000000000 
 15361 13257000000000 
 15365 13257000000000 
 15369 13257000000000 
 15373 13257000000000 
 15377 13257000000000 
 15381 13257000000000 
 15385 13257000000000 
 15389 13257000000000 
 15393 13257000000000 
 15397 13257000000000 
 15401 13257000000000 
 15405 13257000000000 
 15409 13257000000000 
 15413 13257000000000 
 15417 13257000000000 
 15421 13257000000000 
 15425 13257000000000 
 15429 13257000000000 
 15433 13257000000000 
 15437 13257000000000 
 15441 13257000000000 
 15445 13257000000000 
 15449 13257000000000 
 15453 13257000000000 
 15457 13257000000000 
 15461 13257000000000 
 15465 13257000000000 
 15469 13257000000000 
 15473 13257000000000 
 15477 13257000000000 
 15481 13257000000000 
 15485 13257000000000 
 15489 13257000000000 
 15493 13257000000000 
 15497 13257000000000 
 15501 13257000000000 
 15505 13257000000000 
 15509 13257000000000 
 15513 13257000000000 
 15517 13257000000000 
 15521 13257000000000 
 15525 13257000000000 
 15529 13257000000000 
 15533 13257000000000 
 15537 13257000000000 
 15541 13257000000000 
 15545 13257000000000 
 15549 13257000000000 
 15553 13257000000000 
 15557 13257000000000 
 15561 13257000000000 
 15565 13257000000000 
 15569 13257000000000 
 15573 13257000000000 
 15577 13257000000000 
 15581 13257000000000 
 15585 13257000000000 
 15589 13257000000000 
 15593 13257000000000 
 15597 13257000000000 
 15601 13257000000000 
 15605 13257000000000 
 15609 13257000000000 
 15613 13257000000000 
 15617 13257000000000 
 15621 13257000000000 
 15625 13257000000000 
 15629 13257000000000 
 15633 13257000000000 
 15637 13257000000000 
 15641 13257000000000 
 15645 13257000000000 
 15649 13257000000000 
 15653 13257000000000 
 15657 13257000000000 
 15661 13257000000000 
 15665 13257000000000 
 15669 13257000000000 
 15673 13257000000000 
 15677 13257000000000 
 15681 13257000000000 
 15685 13257000000000 
 15689 13257000000000 
 15693 13257000000000 
 15697 13257000000000 
 15701 13257000000000 
 15705 13257000000000 
 15709 13257000000000 
 15713 13257000000000 
 15717 13257000000000 
 15721 13257000000000 
 15725 13257000000000 
 15729 13257000000000 
 15733 13257000000000 
 15737 13257000000000 
 15741 13257000000000 
 15745 13257000000000 
 15749 13257000000000 
 15753 13257000000000 
 15757 13257000000000 
 15761 13257000000000 
 15765 13257000000000 
 15769 13257000000000 
 15773 13257000000000 
 15777 13257000000000 
 15781 13257000000000 
 15785 13257000000000 
 15789 13257000000000 
 15793 13257000000000 
 15797 13257000000000 
 15801 13257000000000 
 15805 13257000000000 
 15809 13257000000000 
 15813 13257000000000 
 15817 13257000000000 
 15821 13257000000000 
 15825 13257000000000 
 15829 13257000000000 
 15833 13257000000000 
 15837 13257000000000 
 15841 13257000000000 
 15845 13257000000000 
 15849 13257000000000 
 15853 13257000000000 
 15857 13257000000000 
 15861 13257000000000 
 15865 13257000000000 
 15869 13257000000000 
 15873 13257000000000 
 15877 13257000000000 
 15881 13257000000000 
 15885 13257000000000 
 15889 13257000000000 
 15893 13257000000000 
 15897 13257000000000 
 15901 13257000000000 
 15905 13257000000000 
 15909 13257000000000 
 15913 13257000000000 
 15917 13257000000000 
 15921 13257000000000 
 15925 13257000000000 
 15929 13257000000000 
 15933 13257000000000 
 15937 13257000000000 
 15941 13257000000000 
 15945 13257000000000 
 15949 13257000000000 
 15953 13257000000000 
 15957 13257000000000 
 15961 13257000000000 
 15965 13257000000000 
 15969 13257000000000 
 15973 13257000000000 
 15977 13257000000000 
 15981 13257000000000 
 15985 13257000000000 
 15989 13257000000000 
 15993 13257000000000 
 15997 13257000000000 
 16001 663380000000 
 16005 7919859300000 
 16009 13257000000000 
 16013 13257000000000 
 16017 13257000000000 
 16021 13257000000000 
 16025 13257000000000 
 16029 13257000000000 
 16033 13257000000000 
 16037 13257000000000 
 16041 13257000000000 
 16045 13257000000000 
 16049 13257000000000 
 16053 13257000000000 
 16057 13257000000000 
 16061 13257000000000 
 16065 13257000000000 
 16069 13257000000000 
 16073 13257000000000 
 16077 13257000000000 
 16081 13257000000000 
 16085 13257000000000 
 16089 13257000000000 
 16093 13257000000000 
 16097 13257000000000 
 16101 13257000000000 
 16105 13257000000000 
 16109 13257000000000 
 16113 13257000000000 
 16117 13257000000000 
 16121 13257000000000 
 16125 13257000000000 
 16129 13257000000000 
 16133 13257000000000 
 16137 13257000000000 
 16141 13257000000000 
 16145 13257000000000 
 16149 13257000000000 
 16153 13257000000000 
 16157 13257000000000 
 16161 13257000000000 
 16165 13257000000000 
 16169 13257000000000 
 16173 13257000000000 
 16177 13257000000000 
 16181 13257000000000 
 16185 13257000000000 
 16189 13257000000000 
 16193 13257000000000 
 16197 13257000000000 
 16201 13257000000000 
 16205 13257000000000 
 16209 13257000000000 
 16213 13257000000000 
 16217 13257000000000 
 16221 13257000000000 
 16225 13257000000000 
 16229 13257000000000 
 16233 13257000000000 
 16237 13257000000000 
 16241 13257000000000 
 16245 13257000000000 
 16249 13257000000000 
 16253 13257000000000 
 16257 13257000000000 
 16261 13257000000000 
 16265 13257000000000 
 16269 13257000000000 
 16273 13257000000000 
 16277 13257000000000 
 16281 13257000000000 
 16285 13257000000000 
 16289 13257000000000 
 16293 13257000000000 
 16297 13257000000000 
 16301 13257000000000 
 16305 13257000000000 
 16309 13257000000000 
 16313 13257000000000 
 16317 13257000000000 
 16321 13257000000000 
 16325 13257000000000 
 16329 13257000000000 
 16333 13257000000000 
 16337 13257000000000 
 16341 13257000000000 
 16345 13257000000000 
 16349 13257000000000 
 16353 13257000000000 
 16357 13257000000000 
 16361 13257000000000 
 16365 13257000000000 
 16369 13257000000000 
 16373 13257000000000 
 16377 13257000000000 
 16381 13257000000000 
 16385 13257000000000 
 16389 13257000000000 
 16393 13257000000000 
 16397 13257000000000 
 16401 13257000000000 
 16405 13257000000000 
 16409 13257000000000 
 16413 13257000000000 
 16417 13257000000000 
 16421 13257000000000 
 16425 13257000000000 
 16429 13257000000000 
 16433 13257000000000 
 16437 13257000000000 
 16441 13257000000000 
 16445 13257000000000 
 16449 13257000000000 
 16453 13257000000000 
 16457 13257000000000 
 16461 13257000000000 
 16465 13257000000000 
 16469 13257000000000 
 16473 13257000000000 
 16477 13257000000000 
 16481 13257000000000 
 16485 13257000000000 
 16489 13257000000000 
 16493 13257000000000 
 16497 13257000000000 
 16501 13257000000000 
 16505 13257000000000 
 16509 13257000000000 
 16513 13257000000000 
 16517 13257000000000 
 16521 13257000000000 
 16525 13257000000000 
 16529 13257000000000 
 16533 13257000000000 
 16537 13257000000000 
 16541 13257000000000 
 16545 13257000000000 
 16549 13257000000000 
 16553 13257000000000 
 16557 13257000000000 
 16561 13257000000000 
 16565 13257000000000 
 16569 13257000000000 
 16573 13257000000000 
 16577 13257000000000 
 16581 13257000000000 
 16585 13257000000000 
 16589 13257000000000 
 16593 13257000000000 
 16597 13257000000000 
 16601 13257000000000 
 16605 13257000000000 
 16609 13257000000000 
 16613 13257000000000 
 16617 13257000000000 
 16621 13257000000000 
 16625 13257000000000 
 16629 13257000000000 
 16633 13257000000000 
 16637 13257000000000 
 16641 13257000000000 
 16645 13257000000000 
 16649 13257000000000 
 16653 13257000000000 
 16657 13257000000000 
 16661 13257000000000 
 16665 13257000000000 
 16669 13257000000000 
 16673 13257000000000 
 16677 13257000000000 
 16681 13257000000000 
 16685 13257000000000 
 16689 13257000000000 
 16693 13257000000000 
 16697 13257000000000 
 16701 13257000000000 
 16705 13257000000000 
 16709 13257000000000 
 16713 13257000000000 
 16717 13257000000000 
 16721 13257000000000 
 16725 13257000000000 
 16729 13257000000000 
 16733 13257000000000 
 16737 13257000000000 
 16741 13257000000000 
 16745 13257000000000 
 16749 13257000000000 
 16753 13257000000000 
 16757 13257000000000 
 16761 13257000000000 
 16765 13257000000000 
 16769 13257000000000 
 16773 13257000000000 
 16777 13257000000000 
 16781 13257000000000 
 16785 13257000000000 
 16789 13257000000000 
 16793 13257000000000 
 16797 13257000000000 
 16801 13257000000000 
 16805 13257000000000 
 16809 13257000000000 
 16813 13257000000000 
 16817 13257000000000 
 16821 13257000000000 
 16825 13257000000000 
 16829 13257000000000 
 16833 13257000000000 
 16837 13257000000000 
 16841 13257000000000 
 16845 13257000000000 
 16849 13257000000000 
 16853 13257000000000 
 16857 13257000000000 
 16861 13257000000000 
 16865 13257000000000 
 16869 13257000000000 
 16873 13257000000000 
 16877 13257000000000 
 16881 13257000000000 
 16885 13257000000000 
 16889 13257000000000 
 16893 13257000000000 
 16897 13257000000000 
 16901 13257000000000 
 16905 13257000000000 
 16909 13257000000000 
 16913 13257000000000 
 16917 13257000000000 
 16921 13257000000000 
 16925 13257000000000 
 16929 13257000000000 
 16933 13257000000000 
 16937 13257000000000 
 16941 13257000000000 
 16945 13257000000000 
 16949 13257000000000 
 16953 13257000000000 
 16957 13257000000000 
 16961 13257000000000 
 16965 13257000000000 
 16969 13257000000000 
 16973 13257000000000 
 16977 13257000000000 
 16981 13257000000000 
 16985 13257000000000 
 16989 13257000000000 
 16993 13257000000000 
 16997 13257000000000 
 17001 13257000000000 
 17005 13257000000000 
 17009 13257000000000 
 17013 13257000000000 
 17017 13257000000000 
 17021 13257000000000 
 17025 13257000000000 
 17029 13257000000000 
 17033 13257000000000 
 17037 13257000000000 
 17041 13257000000000 
 17045 13257000000000 
 17049 13257000000000 
 17053 13257000000000 
 17057 13257000000000 
 17061 13257000000000 
 17065 13257000000000 
 17069 13257000000000 
 17073 13257000000000 
 17077 13257000000000 
 17081 13257000000000 
 17085 13257000000000 
 17089 13257000000000 
 17093 13257000000000 
 17097 13257000000000 
 17101 13257000000000 
 17105 13257000000000 
 17109 13257000000000 
 17113 13257000000000 
 17117 13257000000000 
 17121 13257000000000 
 17125 13257000000000 
 17129 13257000000000 
 17133 13257000000000 
 17137 13257000000000 
 17141 13257000000000 
 17145 13257000000000 
 17149 13257000000000 
 17153 13257000000000 
 17157 13257000000000 
 17161 13257000000000 
 17165 13257000000000 
 17169 13257000000000 
 17173 13257000000000 
 17177 13257000000000 
 17181 13257000000000 
 17185 13257000000000 
 17189 13257000000000 
 17193 13257000000000 
 17197 13257000000000 
 17201 13257000000000 
 17205 13257000000000 
 17209 13257000000000 
 17213 13257000000000 
 17217 13257000000000 
 17221 13257000000000 
 17225 13257000000000 
 17229 13257000000000 
 17233 13257000000000 
 17237 13257000000000 
 17241 13257000000000 
 17245 13257000000000 
 17249 13257000000000 
 17253 13257000000000 
 17257 13257000000000 
 17261 13257000000000 
 17265 13257000000000 
 17269 13257000000000 
 17273 13257000000000 
 17277 13257000000000 
 17281 13257000000000 
 17285 13257000000000 
 17289 13257000000000 
 17293 13257000000000 
 17297 13257000000000 
 17301 13257000000000 
 17305 13257000000000 
 17309 13257000000000 
 17313 13257000000000 
 17317 13257000000000 
 17321 13257000000000 
 17325 13257000000000 
 17329 13257000000000 
 17333 13257000000000 
 17337 13257000000000 
 17341 13257000000000 
 17345 13257000000000 
 17349 13257000000000 
 17353 13257000000000 
 17357 13257000000000 
 17361 13257000000000 
 17365 13257000000000 
 17369 13257000000000 
 17373 13257000000000 
 17377 13257000000000 
 17381 13257000000000 
 17385 13257000000000 
 17389 13257000000000 
 17393 13257000000000 
 17397 13257000000000 
 17401 13257000000000 
 17405 13257000000000 
 17409 13257000000000 
 17413 13257000000000 
 17417 13257000000000 
 17421 13257000000000 
 17425 13257000000000 
 17429 13257000000000 
 17433 13257000000000 
 17437 13257000000000 
 17441 13257000000000 
 17445 13257000000000 
 17449 13257000000000 
 17453 13257000000000 
 17457 13257000000000 
 17461 13257000000000 
 17465 13257000000000 
 17469 13257000000000 
 17473 13257000000000 
 17477 13257000000000 
 17481 13257000000000 
 17485 13257000000000 
 17489 13257000000000 
 17493 13257000000000 
 17497 13257000000000 
 17501 13257000000000 
 17505 13257000000000 
 17509 13257000000000 
 17513 13257000000000 
 17517 13257000000000 
 17521 13257000000000 
 17525 13257000000000 
 17529 13257000000000 
 17533 13257000000000 
 17537 13257000000000 
 17541 13257000000000 
 17545 13257000000000 
 17549 13257000000000 
 17553 13257000000000 
 17557 13257000000000 
 17561 13257000000000 
 17565 13257000000000 
 17569 13257000000000 
 17573 13257000000000 
 17577 13257000000000 
 17581 13257000000000 
 17585 13257000000000 
 17589 13257000000000 
 17593 13257000000000 
 17597 13257000000000 
 17601 13257000000000 
 17605 13257000000000 
 17609 13257000000000 
 17613 13257000000000 
 17617 13257000000000 
 17621 13257000000000 
 17625 13257000000000 
 17629 13257000000000 
 17633 13257000000000 
 17637 13257000000000 
 17641 13257000000000 
 17645 13257000000000 
 17649 13257000000000 
 17653 13257000000000 
 17657 13257000000000 
 17661 13257000000000 
 17665 13257000000000 
 17669 13257000000000 
 17673 13257000000000 
 17677 13257000000000 
 17681 13257000000000 
 17685 13257000000000 
 17689 13257000000000 
 17693 13257000000000 
 17697 13257000000000 
 17701 13257000000000 
 17705 13257000000000 
 17709 13257000000000 
 17713 13257000000000 
 17717 13257000000000 
 17721 13257000000000 
 17725 13257000000000 
 17729 13257000000000 
 17733 13257000000000 
 17737 13257000000000 
 17741 13257000000000 
 17745 13257000000000 
 17749 13257000000000 
 17753 13257000000000 
 17757 13257000000000 
 17761 13257000000000 
 17765 13257000000000 
 17769 13257000000000 
 17773 13257000000000 
 17777 13257000000000 
 17781 13257000000000 
 17785 13257000000000 
 17789 13257000000000 
 17793 13257000000000 
 17797 13257000000000 
 17801 13257000000000 
 17805 13257000000000 
 17809 13257000000000 
 17813 13257000000000 
 17817 13257000000000 
 17821 13257000000000 
 17825 13257000000000 
 17829 13257000000000 
 17833 13257000000000 
 17837 13257000000000 
 17841 13257000000000 
 17845 13257000000000 
 17849 13257000000000 
 17853 13257000000000 
 17857 13257000000000 
 17861 13257000000000 
 17865 13257000000000 
 17869 13257000000000 
 17873 13257000000000 
 17877 13257000000000 
 17881 13257000000000 
 17885 13257000000000 
 17889 13257000000000 
 17893 13257000000000 
 17897 13257000000000 
 17901 13257000000000 
 17905 13257000000000 
 17909 13257000000000 
 17913 13257000000000 
 17917 13257000000000 
 17921 13257000000000 
 17925 13257000000000 
 17929 13257000000000 
 17933 13257000000000 
 17937 13257000000000 
 17941 13257000000000 
 17945 13257000000000 
 17949 13257000000000 
 17953 13257000000000 
 17957 13257000000000 
 17961 13257000000000 
 17965 13257000000000 
 17969 13257000000000 
 17973 13257000000000 
 17977 13257000000000 
 17981 13257000000000 
 17985 13257000000000 
 17989 13257000000000 
 17993 13257000000000 
 17997 13257000000000 
 18001 13257000000000 
 18005 13257000000000 
 18009 13257000000000 
 18013 13257000000000 
 18017 13257000000000 
 18021 13257000000000 
 18025 13257000000000 
 18029 13257000000000 
 18033 13257000000000 
 18037 13257000000000 
 18041 13257000000000 
 18045 13257000000000 
 18049 13257000000000 
 18053 13257000000000 
 18057 13257000000000 
 18061 13257000000000 
 18065 13257000000000 
 18069 13257000000000 
 18073 13257000000000 
 18077 13257000000000 
 18081 13257000000000 
 18085 13257000000000 
 18089 13257000000000 
 18093 13257000000000 
 18097 13257000000000 
 18101 13257000000000 
 18105 13257000000000 
 18109 13257000000000 
 18113 13257000000000 
 18117 13257000000000 
 18121 13257000000000 
 18125 13257000000000 
 18129 13257000000000 
 18133 13257000000000 
 18137 13257000000000 
 18141 13257000000000 
 18145 13257000000000 
 18149 13257000000000 
 18153 13257000000000 
 18157 13257000000000 
 18161 13257000000000 
 18165 13257000000000 
 18169 13257000000000 
 18173 13257000000000 
 18177 13257000000000 
 18181 13257000000000 
 18185 13257000000000 
 18189 13257000000000 
 18193 13257000000000 
 18197 13257000000000 
 18201 13257000000000 
 18205 13257000000000 
 18209 13257000000000 
 18213 13257000000000 
 18217 13257000000000 
 18221 13257000000000 
 18225 13257000000000 
 18229 13257000000000 
 18233 13257000000000 
 18237 13257000000000 
 18241 13257000000000 
 18245 13257000000000 
 18249 13257000000000 
 18253 13257000000000 
 18257 13257000000000 
 18261 13257000000000 
 18265 13257000000000 
 18269 13257000000000 
 18273 13257000000000 
 18277 13257000000000 
 18281 13257000000000 
 18285 13257000000000 
 18289 13257000000000 
 18293 13257000000000 
 18297 13257000000000 
 18301 13257000000000 
 18305 13257000000000 
 18309 13257000000000 
 18313 13257000000000 
 18317 13257000000000 
 18321 13257000000000 
 18325 13257000000000 
 18329 13257000000000 
 18333 13257000000000 
 18337 13257000000000 
 18341 13257000000000 
 18345 13257000000000 
 18349 13257000000000 
 18353 13257000000000 
 18357 13257000000000 
 18361 13257000000000 
 18365 13257000000000 
 18369 13257000000000 
 18373 13257000000000 
 18377 13257000000000 
 18381 13257000000000 
 18385 13257000000000 
 18389 13257000000000 
 18393 13257000000000 
 18397 13257000000000 
 18401 13257000000000 
 18405 13257000000000 
 18409 13257000000000 
 18413 13257000000000 
 18417 13257000000000 
 18421 13257000000000 
 18425 13257000000000 
 18429 13257000000000 
 18433 13257000000000 
 18437 13257000000000 
 18441 13257000000000 
 18445 13257000000000 
 18449 13257000000000 
 18453 13257000000000 
 18457 13257000000000 
 18461 13257000000000 
 18465 13257000000000 
 18469 13257000000000 
 18473 13257000000000 
 18477 13257000000000 
 18481 13257000000000 
 18485 13257000000000 
 18489 13257000000000 
 18493 13257000000000 
 18497 13257000000000 
 18501 13257000000000 
 18505 13257000000000 
 18509 13257000000000 
 18513 13257000000000 
 18517 13257000000000 
 18521 13257000000000 
 18525 13257000000000 
 18529 13257000000000 
 18533 13257000000000 
 18537 13257000000000 
 18541 13257000000000 
 18545 13257000000000 
 18549 13257000000000 
 18553 13257000000000 
 18557 13257000000000 
 18561 13257000000000 
 18565 13257000000000 
 18569 13257000000000 
 18573 13257000000000 
 18577 13257000000000 
 18581 13257000000000 
 18585 13257000000000 
 18589 13257000000000 
 18593 13257000000000 
 18597 13257000000000 
 18601 13257000000000 
 18605 13257000000000 
 18609 13257000000000 
 18613 13257000000000 
 18617 13257000000000 
 18621 13257000000000 
 18625 13257000000000 
 18629 13257000000000 
 18633 13257000000000 
 18637 13257000000000 
 18641 13257000000000 
 18645 13257000000000 
 18649 13257000000000 
 18653 13257000000000 
 18657 13257000000000 
 18661 13257000000000 
 18665 13257000000000 
 18669 13257000000000 
 18673 13257000000000 
 18677 13257000000000 
 18681 13257000000000 
 18685 13257000000000 
 18689 13257000000000 
 18693 13257000000000 
 18697 13257000000000 
 18701 13257000000000 
 18705 13257000000000 
 18709 13257000000000 
 18713 13257000000000 
 18717 13257000000000 
 18721 13257000000000 
 18725 13257000000000 
 18729 13257000000000 
 18733 13257000000000 
 18737 13257000000000 
 18741 13257000000000 
 18745 13257000000000 
 18749 13257000000000 
 18753 13257000000000 
 18757 13257000000000 
 18761 13257000000000 
 18765 13257000000000 
 18769 13257000000000 
 18773 13257000000000 
 18777 13257000000000 
 18781 13257000000000 
 18785 13257000000000 
 18789 13257000000000 
 18793 13257000000000 
 18797 13257000000000 
 18801 13257000000000 
 18805 13257000000000 
 18809 13257000000000 
 18813 13257000000000 
 18817 13257000000000 
 18821 13257000000000 
 18825 13257000000000 
 18829 13257000000000 
 18833 13257000000000 
 18837 13257000000000 
 18841 13257000000000 
 18845 13257000000000 
 18849 13257000000000 
 18853 13257000000000 
 18857 13257000000000 
 18861 13257000000000 
 18865 13257000000000 
 18869 13257000000000 
 18873 13257000000000 
 18877 13257000000000 
 18881 13257000000000 
 18885 13257000000000 
 18889 13257000000000 
 18893 13257000000000 
 18897 13257000000000 
 18901 13257000000000 
 18905 13257000000000 
 18909 13257000000000 
 18913 13257000000000 
 18917 13257000000000 
 18921 13257000000000 
 18925 13257000000000 
 18929 13257000000000 
 18933 13257000000000 
 18937 13257000000000 
 18941 13257000000000 
 18945 13257000000000 
 18949 13257000000000 
 18953 13257000000000 
 18957 13257000000000 
 18961 13257000000000 
 18965 13257000000000 
 18969 13257000000000 
 18973 13257000000000 
 18977 13257000000000 
 18981 13257000000000 
 18985 13257000000000 
 18989 13257000000000 
 18993 13257000000000 
 18997 13257000000000 
 19001 13257000000000 
 19005 13257000000000 
 19009 13257000000000 
 19013 13257000000000 
 19017 13257000000000 
 19021 13257000000000 
 19025 13257000000000 
 19029 13257000000000 
 19033 13257000000000 
 19037 13257000000000 
 19041 13257000000000 
 19045 13257000000000 
 19049 13257000000000 
 19053 13257000000000 
 19057 13257000000000 
 19061 13257000000000 
 19065 13257000000000 
 19069 13257000000000 
 19073 13257000000000 
 19077 13257000000000 
 19081 13257000000000 
 19085 13257000000000 
 19089 13257000000000 
 19093 13257000000000 
 19097 13257000000000 
 19101 13257000000000 
 19105 13257000000000 
 19109 13257000000000 
 19113 13257000000000 
 19117 13257000000000 
 19121 13257000000000 
 19125 13257000000000 
 19129 13257000000000 
 19133 13257000000000 
 19137 13257000000000 
 19141 13257000000000 
 19145 13257000000000 
 19149 13257000000000 
 19153 13257000000000 
 19157 13257000000000 
 19161 13257000000000 
 19165 13257000000000 
 19169 13257000000000 
 19173 13257000000000 
 19177 13257000000000 
 19181 13257000000000 
 19185 13257000000000 
 19189 13257000000000 
 19193 13257000000000 
 19197 13257000000000 
 19201 13257000000000 
 19205 13257000000000 
 19209 13257000000000 
 19213 13257000000000 
 19217 13257000000000 
 19221 13257000000000 
 19225 13257000000000 
 19229 13257000000000 
 19233 13257000000000 
 19237 13257000000000 
 19241 13257000000000 
 19245 13257000000000 
 19249 13257000000000 
 19253 13257000000000 
 19257 13257000000000 
 19261 13257000000000 
 19265 13257000000000 
 19269 13257000000000 
 19273 13257000000000 
 19277 13257000000000 
 19281 13257000000000 
 19285 13257000000000 
 19289 13257000000000 
 19293 13257000000000 
 19297 13257000000000 
 19301 13257000000000 
 19305 13257000000000 
 19309 13257000000000 
 19313 13257000000000 
 19317 13257000000000 
 19321 13257000000000 
 19325 13257000000000 
 19329 13257000000000 
 19333 13257000000000 
 19337 13257000000000 
 19341 13257000000000 
 19345 13257000000000 
 19349 13257000000000 
 19353 13257000000000 
 19357 13257000000000 
 19361 13257000000000 
 19365 13257000000000 
 19369 13257000000000 
 19373 13257000000000 
 19377 13257000000000 
 19381 13257000000000 
 19385 13257000000000 
 19389 13257000000000 
 19393 13257000000000 
 19397 13257000000000 
 19401 13257000000000 
 19405 13257000000000 
 19409 13257000000000 
 19413 13257000000000 
 19417 13257000000000 
 19421 13257000000000 
 19425 13257000000000 
 19429 13257000000000 
 19433 13257000000000 
 19437 13257000000000 
 19441 13257000000000 
 19445 13257000000000 
 19449 13257000000000 
 19453 13257000000000 
 19457 13257000000000 
 19461 13257000000000 
 19465 13257000000000 
 19469 13257000000000 
 19473 13257000000000 
 19477 13257000000000 
 19481 13257000000000 
 19485 13257000000000 
 19489 13257000000000 
 19493 13257000000000 
 19497 13257000000000 
 19501 13257000000000 
 19505 13257000000000 
 19509 13257000000000 
 19513 13257000000000 
 19517 13257000000000 
 19521 13257000000000 
 19525 13257000000000 
 19529 13257000000000 
 19533 13257000000000 
 19537 13257000000000 
 19541 13257000000000 
 19545 13257000000000 
 19549 13257000000000 
 19553 13257000000000 
 19557 13257000000000 
 19561 13257000000000 
 19565 13257000000000 
 19569 13257000000000 
 19573 13257000000000 
 19577 13257000000000 
 19581 13257000000000 
 19585 13257000000000 
 19589 13257000000000 
 19593 13257000000000 
 19597 13257000000000 
 19601 13257000000000 
 19605 13257000000000 
 19609 13257000000000 
 19613 13257000000000 
 19617 13257000000000 
 19621 13257000000000 
 19625 13257000000000 
 19629 13257000000000 
 19633 13257000000000 
 19637 13257000000000 
 19641 13257000000000 
 19645 13257000000000 
 19649 13257000000000 
 19653 13257000000000 
 19657 13257000000000 
 19661 13257000000000 
 19665 13257000000000 
 19669 13257000000000 
 19673 13257000000000 
 19677 13257000000000 
 19681 13257000000000 
 19685 13257000000000 
 19689 13257000000000 
 19693 13257000000000 
 19697 13257000000000 
 19701 13257000000000 
 19705 13257000000000 
 19709 13257000000000 
 19713 13257000000000 
 19717 13257000000000 
 19721 13257000000000 
 19725 13257000000000 
 19729 13257000000000 
 19733 13257000000000 
 19737 13257000000000 
 19741 13257000000000 
 19745 13257000000000 
 19749 13257000000000 
 19753 13257000000000 
 19757 13257000000000 
 19761 13257000000000 
 19765 13257000000000 
 19769 13257000000000 
 19773 13257000000000 
 19777 13257000000000 
 19781 13257000000000 
 19785 13257000000000 
 19789 13257000000000 
 19793 13257000000000 
 19797 13257000000000 
 19801 13257000000000 
 19805 13257000000000 
 19809 13257000000000 
 19813 13257000000000 
 19817 13257000000000 
 19821 13257000000000 
 19825 13257000000000 
 19829 13257000000000 
 19833 13257000000000 
 19837 13257000000000 
 19841 13257000000000 
 19845 13257000000000 
 19849 13257000000000 
 19853 13257000000000 
 19857 13257000000000 
 19861 13257000000000 
 19865 13257000000000 
 19869 13257000000000 
 19873 13257000000000 
 19877 13257000000000 
 19881 13257000000000 
 19885 13257000000000 
 19889 13257000000000 
 19893 13257000000000 
 19897 13257000000000 
 19901 13257000000000 
 19905 13257000000000 
 19909 13257000000000 
 19913 13257000000000 
 19917 13257000000000 
 19921 13257000000000 
 19925 13257000000000 
 19929 13257000000000 
 19933 13257000000000 
 19937 13257000000000 
 19941 13257000000000 
 19945 13257000000000 
 19949 13257000000000 
 19953 13257000000000 
 19957 13257000000000 
 19961 13257000000000 
 19965 13257000000000 
 19969 13257000000000 
 19973 13257000000000 
 19977 13257000000000 
 19981 13257000000000 
 19985 13257000000000 
 19989 13257000000000 
 19993 13257000000000 
 19997 13257000000000 
