  8001 169974920000000 
  8005 511593450000000 
  8009 813698570000000 
  8013 1049001300000000 
  8017 1266855800000000 
  8021 1483411800000000 
  8025 1714400800000000 
  8029 1994756600000000 
  8033 2334901200000000 
  8037 2735416000000000 
  8041 2626313600000000 
  8045 2587762000000000 
  8049 2646228300000000 
  8053 2768583400000000 
  8057 2978430400000000 
  8061 3249258400000000 
  8065 3537937100000000 
  8069 3804210300000000 
  8073 4028656500000000 
  8077 4197192900000000 
  8081 4306834800000000 
  8085 4365365600000000 
  8089 4388579700000000 
  8093 4383596700000000 
  8097 4362692500000000 
  8101 4337948800000000 
  8105 4320230400000000 
  8109 4309175200000000 
  8113 4310725400000000 
  8117 4330113500000000 
  8121 4372085900000000 
  8125 4424786600000000 
  8129 4443466200000000 
  8133 4475986900000000 
  8137 4506942300000000 
  8141 4525720600000000 
  8145 4544741600000000 
  8149 4564306700000000 
  8153 4576198800000000 
  8157 4574570300000000 
  8161 4555713700000000 
  8165 4502011400000000 
  8169 4329568700000000 
  8173 4083697900000000 
  8177 3612984900000000 
  8181 2884208400000000 
  8185 1976120600000000 
  8189 1800578700000000 
  8193 1656406000000000 
  8197 1616850400000000 
  8201 1703682500000000 
  8205 1907510200000000 
  8209 2258001000000000 
  8213 2789536900000000 
  8217 2881770000000000 
  8221 3118141400000000 
  8225 3523185000000000 
  8229 4055327800000000 
  8233 4721209400000000 
  8237 5500203600000000 
  8241 6333241900000000 
  8245 7003868600000000 
  8249 7549668300000000 
  8253 7919322300000000 
  8257 7854540900000000 
  8261 7253330600000000 
  8265 6356382100000000 
  8269 4957395800000000 
  8273 3834455900000000 
  8277 2789665000000000 
  8281 1820344200000000 
  8285 1756296100000000 
  8289 1773045300000000 
  8293 1849423600000000 
  8297 1997543300000000 
  8301 2239276200000000 
  8305 2543416900000000 
  8309 2146518500000000 
  8313 2485625500000000 
  8317 2192978100000000 
  8321 2605960400000000 
  8325 2523802800000000 
  8329 2559226400000000 
  8333 2695724200000000 
  8337 2892660500000000 
  8341 3077794500000000 
  8345 3196509600000000 
  8349 3169930800000000 
  8353 2901945300000000 
  8357 2365197700000000 
  8361 2440581800000000 
  8365 1617900400000000 
  8369 1642950600000000 
  8373 1710202200000000 
  8377 1904050300000000 
  8381 2278046000000000 
  8385 2828002300000000 
  8389 2950210100000000 
  8393 3251999400000000 
  8397 3713559500000000 
  8401 4240686700000000 
  8405 4848999500000000 
  8409 5508941900000000 
  8413 6207058400000000 
  8417 6746048000000000 
  8421 7239460200000000 
  8425 7630599500000000 
  8429 7851539500000000 
  8433 7588318500000000 
  8437 7190748800000000 
  8441 6268335700000000 
  8445 4815800600000000 
  8449 3663335500000000 
  8453 2595597400000000 
  8457 1605790100000000 
  8461 1433840500000000 
  8465 1384120400000000 
  8469 1442977000000000 
  8473 1556612600000000 
  8477 1712547900000000 
  8481 1901476200000000 
  8485 2134297200000000 
  8489 2421796500000000 
  8493 2739783800000000 
  8497 2529522900000000 
  8501 2390808300000000 
  8505 2947795100000000 
  8509 3035904500000000 
  8513 3182852200000000 
  8517 3390902000000000 
  8521 3615799300000000 
  8525 3817985000000000 
  8529 3956723700000000 
  8533 4002341800000000 
  8537 3978290500000000 
  8541 3881262300000000 
  8545 3740084300000000 
  8549 3575845600000000 
  8553 3423703400000000 
  8557 3323195300000000 
  8561 3283082600000000 
  8565 3292050800000000 
  8569 3353002700000000 
  8573 3501491500000000 
  8577 3745254400000000 
  8581 4059026800000000 
  8585 4422048500000000 
  8589 4756585400000000 
  8593 5134054000000000 
  8597 5459529000000000 
  8601 5796722300000000 
  8605 5870495800000000 
  8609 5883713300000000 
  8613 5813635600000000 
  8617 5598924400000000 
  8621 5511748500000000 
  8625 5201931800000000 
  8629 4420935600000000 
  8633 3253918200000000 
  8637 1981383300000000 
  8641 1465684600000000 
  8645 1159272800000000 
  8649 1042914300000000 
  8653 1073985200000000 
  8657 1206190800000000 
  8661 1435738000000000 
  8665 1830739000000000 
  8669 2364690700000000 
  8673 2990692800000000 
  8677 3178501900000000 
  8681 3405061300000000 
  8685 3747634900000000 
  8689 4292393200000000 
  8693 5086012700000000 
  8697 5959431700000000 
  8701 6610520200000000 
  8705 7100120300000000 
  8709 7359037900000000 
  8713 7323987100000000 
  8717 6809003900000000 
  8721 5675562700000000 
  8725 4596220500000000 
  8729 3507425300000000 
  8733 2646635100000000 
  8737 1978612800000000 
  8741 2340859800000000 
  8745 2810801000000000 
  8749 2591832500000000 
  8753 2517802900000000 
  8757 2498371300000000 
  8761 2492022300000000 
  8765 2485999700000000 
  8769 2497510900000000 
  8773 2547863500000000 
  8777 2666243800000000 
  8781 2871820400000000 
  8785 3120610100000000 
  8789 3344595900000000 
  8793 3473023800000000 
  8797 3487092500000000 
  8801 3301791800000000 
  8805 2822060600000000 
  8809 2090232700000000 
  8813 2012426300000000 
  8817 1858158200000000 
  8821 1731696500000000 
  8825 1747756200000000 
  8829 1897370200000000 
  8833 2164980300000000 
  8837 2581819000000000 
  8841 2481982700000000 
  8845 2502290000000000 
  8849 2642073000000000 
  8853 2928303700000000 
  8857 3371945700000000 
  8861 3937621300000000 
  8865 4613020000000000 
  8869 5349078400000000 
  8873 6036528400000000 
  8877 6402300200000000 
  8881 6578773300000000 
  8885 6578996600000000 
  8889 6371094400000000 
  8893 5821933200000000 
  8897 4927073300000000 
  8901 4433193300000000 
  8905 3837062200000000 
  8909 3352566800000000 
  8913 2885449700000000 
  8917 2396324500000000 
  8921 2747023900000000 
  8925 2285519700000000 
  8929 2674815200000000 
  8933 2309313700000000 
  8937 2729945800000000 
  8941 2418760200000000 
  8945 2864865000000000 
  8949 2597358800000000 
  8953 2454409800000000 
  8957 2355783900000000 
  8961 2934977700000000 
  8965 2768959500000000 
  8969 2708960300000000 
  8973 2678887600000000 
  8977 2664924600000000 
  8981 2648533600000000 
  8985 2626483100000000 
  8989 2599696200000000 
  8993 2546990900000000 
  8997 2484597800000000 
  9001 2395124300000000 
  9005 2964320100000000 
  9009 2714865000000000 
  9013 2592238300000000 
  9017 2532911600000000 
  9021 2516774500000000 
  9025 2546930200000000 
  9029 2625505400000000 
  9033 2787710300000000 
  9037 3052844000000000 
  9041 3401922400000000 
  9045 3814702300000000 
  9049 4293998200000000 
  9053 4864536900000000 
  9057 5460124600000000 
  9061 5984839100000000 
  9065 6186622100000000 
  9069 6249360600000000 
  9073 6147931900000000 
  9077 5760605100000000 
  9081 4976959300000000 
  9085 4391512300000000 
  9089 3598784000000000 
  9093 2526118400000000 
  9097 1435962200000000 
  9101 1168068900000000 
  9105 1075249700000000 
  9109 1112780100000000 
  9113 1230262700000000 
  9117 1399348200000000 
  9121 1633325400000000 
  9125 1961840800000000 
  9129 2365969300000000 
  9133 2858135200000000 
  9137 2880392800000000 
  9141 3008598300000000 
  9145 3292308600000000 
  9149 3722891900000000 
  9153 4221679600000000 
  9157 4702564800000000 
  9161 5051326000000000 
  9165 5195035400000000 
  9169 5165966900000000 
  9173 4965670600000000 
  9177 4746175100000000 
  9181 4476728700000000 
  9185 4216656500000000 
  9189 4129225600000000 
  9193 4121614600000000 
  9197 4186848900000000 
  9201 4338217400000000 
  9205 4571771300000000 
  9209 4806664900000000 
  9213 5078432900000000 
  9217 5328811800000000 
  9221 5570762400000000 
  9225 5812741100000000 
  9229 5779531100000000 
  9233 5634622600000000 
  9237 5693559800000000 
  9241 5691869400000000 
  9245 5603633600000000 
  9249 5369631700000000 
  9253 4971258500000000 
  9257 4529008500000000 
  9261 3971344900000000 
  9265 3466648500000000 
  9269 2964653400000000 
  9273 2505481800000000 
  9277 2128441200000000 
  9281 2548466100000000 
  9285 2248110000000000 
  9289 2787690100000000 
  9293 2600247700000000 
  9297 2546413900000000 
  9301 2534360500000000 
  9305 2546077700000000 
  9309 2568576800000000 
  9313 2591995300000000 
  9317 2613113700000000 
  9321 2627786300000000 
  9325 2634342500000000 
  9329 2637690300000000 
  9333 2638906500000000 
  9337 2645930100000000 
  9341 2660551200000000 
  9345 2689749600000000 
  9349 2739110700000000 
  9353 2817399200000000 
  9357 2923903300000000 
  9361 3050858700000000 
  9365 3195489900000000 
  9369 3327745200000000 
  9373 3433684600000000 
  9377 3505805200000000 
  9381 3543310600000000 
  9385 3541897000000000 
  9389 3484899500000000 
  9393 3329517300000000 
  9397 3085431600000000 
  9401 2799795100000000 
  9405 2491144500000000 
  9409 2188982800000000 
  9413 2568255800000000 
  9417 2221522300000000 
  9421 2653590100000000 
  9425 2406467200000000 
  9429 2915089000000000 
  9433 2755661700000000 
  9437 2731329500000000 
  9441 2756199600000000 
  9445 2817162600000000 
  9449 2907829600000000 
  9453 3014845200000000 
  9457 3111035700000000 
  9461 3171751000000000 
  9465 3189773400000000 
  9469 3170534000000000 
  9473 3109525900000000 
  9477 2999723500000000 
  9481 2902114300000000 
  9485 2822900600000000 
  9489 2785764800000000 
  9493 2794762500000000 
  9497 2832373500000000 
  9501 2927143700000000 
  9505 3106771700000000 
  9509 3346124800000000 
  9513 3626752600000000 
  9517 3949311000000000 
  9521 4312274200000000 
  9525 4719658100000000 
  9529 5100610800000000 
  9533 5376573600000000 
  9537 5544463300000000 
  9541 5599377200000000 
  9545 5507240800000000 
  9549 5247197700000000 
  9553 4788390700000000 
  9557 4229939300000000 
  9561 3626788400000000 
  9565 2949330600000000 
  9569 2327784800000000 
  9573 2526296000000000 
  9577 1982534200000000 
  9581 2269448400000000 
  9585 2568175500000000 
  9589 2206545300000000 
  9593 2621096500000000 
  9597 2371365700000000 
  9601 2885101400000000 
  9605 2732060400000000 
  9609 2690913600000000 
  9613 2682984400000000 
  9617 2704029300000000 
  9621 2749422800000000 
  9625 2816090400000000 
  9629 2895353500000000 
  9633 2996007400000000 
  9637 3133411800000000 
  9641 3312016700000000 
  9645 3522309500000000 
  9649 3775669000000000 
  9653 4061551500000000 
  9657 4389808400000000 
  9661 4743368100000000 
  9665 5061976000000000 
  9669 5279630800000000 
  9673 5420092700000000 
  9677 5475887000000000 
  9681 5434592700000000 
  9685 5288042800000000 
  9689 5063574900000000 
  9693 4791185400000000 
  9697 4589014600000000 
  9701 4424242500000000 
  9705 4295845900000000 
  9709 4278761900000000 
  9713 4304679400000000 
  9717 4366266100000000 
  9721 4466063800000000 
  9725 4541122400000000 
  9729 4627569200000000 
  9733 4745330500000000 
  9737 4883905200000000 
  9741 5014246400000000 
  9745 5065359100000000 
  9749 5040561600000000 
  9753 4876630800000000 
  9757 4548877200000000 
  9761 3894738300000000 
  9765 3095470900000000 
  9769 2218215200000000 
  9773 2153874200000000 
  9777 2179387100000000 
  9781 2299049700000000 
  9785 2553718600000000 
  9789 2260975800000000 
  9793 2883997000000000 
  9797 2977164000000000 
  9801 3207726500000000 
  9805 3533302800000000 
  9809 3972914700000000 
  9813 4556209600000000 
  9817 5285374600000000 
  9821 6077817300000000 
  9825 6636279900000000 
  9829 7030702800000000 
  9833 7217069900000000 
  9837 7172804700000000 
  9841 6734286900000000 
  9845 5797868500000000 
  9849 4373856800000000 
  9853 3564602300000000 
  9857 2826520800000000 
  9861 2163192000000000 
  9865 2471041500000000 
  9869 2040900400000000 
  9873 2574322100000000 
  9877 2331778700000000 
  9881 3007329100000000 
  9885 2899138900000000 
  9889 2865302000000000 
  9893 2869287500000000 
  9897 2927064500000000 
  9901 3060237900000000 
  9905 3263925800000000 
  9909 3489147400000000 
  9913 3682715000000000 
  9917 3800333200000000 
  9921 3821641800000000 
  9925 3653522900000000 
  9929 3203405700000000 
  9933 2585765800000000 
  9937 1907625400000000 
  9941 1954559900000000 
  9945 2028399900000000 
  9949 2153541300000000 
  9953 2391426500000000 
  9957 2776510900000000 
  9961 2666105300000000 
  9965 2685886800000000 
  9969 2838114600000000 
  9973 3128065300000000 
  9977 3528521100000000 
  9981 4012826200000000 
  9985 4564366700000000 
  9989 5131366200000000 
  9993 5629729000000000 
  9997 6085674800000000 
 10001 6193905800000000 
 10005 6138722000000000 
 10009 5912079400000000 
 10013 5458030500000000 
 10017 5248903900000000 
 10021 4931861000000000 
 10025 4621412800000000 
 10029 4225928700000000 
 10033 3872029800000000 
 10037 3473514500000000 
 10041 3075776200000000 
 10045 2664573100000000 
 10049 2290925200000000 
 10053 2687108400000000 
 10057 2330490700000000 
 10061 2784126500000000 
 10065 2533037200000000 
 10069 2456196400000000 
 10073 2443905200000000 
 10077 2471169200000000 
 10081 2534714800000000 
 10085 2654547200000000 
 10089 2845459100000000 
 10093 3110703800000000 
 10097 3439682400000000 
 10101 3843723500000000 
 10105 4317215900000000 
 10109 4788284900000000 
 10113 5161268200000000 
 10117 5370776000000000 
 10121 5413368400000000 
 10125 5247051900000000 
 10129 4865661700000000 
 10133 4388501400000000 
 10137 3942889600000000 
 10141 3510804100000000 
 10145 3182232000000000 
 10149 2959158100000000 
 10153 2879498900000000 
 10157 2894242300000000 
 10161 2980578200000000 
 10165 3109356900000000 
 10169 3242996900000000 
 10173 3374146600000000 
 10177 3544532700000000 
 10181 3829941400000000 
 10185 4297321800000000 
 10189 4938032000000000 
 10193 5534924400000000 
 10197 5922240000000000 
 10201 5725950400000000 
 10205 5545928800000000 
 10209 4863753800000000 
 10213 3766144600000000 
 10217 2529282500000000 
 10221 1386903600000000 
 10225 1150075900000000 
 10229 1176630100000000 
 10233 1384560100000000 
 10237 1737790500000000 
 10241 2227657600000000 
 10245 2853602600000000 
 10249 3057935100000000 
 10253 3284276300000000 
 10257 3532374100000000 
 10261 3864891600000000 
 10265 4376309300000000 
 10269 5121475000000000 
 10273 5960216100000000 
 10277 6573833300000000 
 10281 7034434500000000 
 10285 7270253700000000 
 10289 7239176800000000 
 10293 6755297700000000 
 10297 5716543900000000 
 10301 4790355300000000 
 10305 3878588700000000 
 10309 3237310000000000 
 10313 2781781700000000 
 10317 2508692400000000 
 10321 2381572500000000 
 10325 3199702200000000 
 10329 3256440500000000 
 10333 3403128900000000 
 10337 3577799100000000 
 10341 3752775300000000 
 10345 3961527200000000 
 10349 4226754800000000 
 10353 4558696400000000 
 10357 4889616500000000 
 10361 5206074800000000 
 10365 5380675500000000 
 10369 5422437500000000 
 10373 5279186400000000 
 10377 4853109800000000 
 10381 4204107200000000 
 10385 3446217500000000 
 10389 2536938100000000 
 10393 1694481800000000 
 10397 1705478600000000 
 10401 1769929500000000 
 10405 1904329700000000 
 10409 2137114600000000 
 10413 2486349400000000 
 10417 2272443500000000 
 10421 2872075800000000 
 10425 2966701400000000 
 10429 3173689800000000 
 10433 3500049400000000 
 10437 3931266100000000 
 10441 4432432300000000 
 10445 4916530900000000 
 10449 5419140100000000 
 10453 5843573000000000 
 10457 5934695300000000 
 10461 5909355400000000 
 10465 5779319900000000 
 10469 5581378700000000 
 10473 5638292700000000 
 10477 5691370100000000 
 10481 5722006300000000 
 10485 5709258600000000 
 10489 5641571700000000 
 10493 5531768600000000 
 10497 5368729200000000 
 10501 5145438700000000 
 10505 4881343700000000 
 10509 4671118700000000 
 10513 4447737700000000 
 10517 4231015800000000 
 10521 4125029800000000 
 10525 4059758000000000 
 10529 4032259100000000 
 10533 4042571000000000 
 10537 4089679700000000 
 10541 4181981800000000 
 10545 4313941700000000 
 10549 4487188600000000 
 10553 4667192800000000 
 10557 4873815200000000 
 10561 5106240300000000 
 10565 5254700200000000 
 10569 5318067700000000 
 10573 5292020500000000 
 10577 5102570000000000 
 10581 4683525300000000 
 10585 4136539200000000 
 10589 3583326900000000 
 10593 3014458600000000 
 10597 2506137400000000 
 10601 2171042800000000 
 10605 2779324000000000 
 10609 2638627700000000 
 10613 2675226500000000 
 10617 2801815600000000 
 10621 3010578100000000 
 10625 3290575200000000 
 10629 3658298900000000 
 10633 4171902800000000 
 10637 4892902300000000 
 10641 5707739000000000 
 10645 6415246800000000 
 10649 6706514200000000 
 10653 6723188900000000 
 10657 6369733500000000 
 10661 5475826500000000 
 10665 4685162900000000 
 10669 3787326300000000 
 10673 2983342900000000 
 10677 2255464000000000 
 10681 2503871600000000 
 10685 2047727400000000 
 10689 2562558700000000 
 10693 2334787900000000 
 10697 3038064700000000 
 10701 2993351400000000 
 10705 3051549900000000 
 10709 3170841400000000 
 10713 3370693500000000 
 10717 3648735800000000 
 10721 3994006500000000 
 10725 4360392400000000 
 10729 4664672600000000 
 10733 4830711700000000 
 10737 4840808200000000 
 10741 4631573600000000 
 10745 4195003200000000 
 10749 3736496300000000 
 10753 3251443600000000 
 10757 2818239600000000 
 10761 2503153300000000 
 10765 2352777100000000 
 10769 3071029500000000 
 10773 3031677400000000 
 10777 3140157500000000 
 10781 3330579000000000 
 10785 3582747000000000 
 10789 3907160000000000 
 10793 4310733600000000 
 10797 4787483300000000 
 10801 5258851900000000 
 10805 5625271000000000 
 10809 5876014900000000 
 10813 5645496300000000 
 10817 5590553900000000 
 10821 5412395200000000 
 10825 5107084200000000 
 10829 4701385600000000 
 10833 4344463900000000 
 10837 4122624700000000 
 10841 3941563100000000 
 10845 3820545000000000 
 10849 3760336100000000 
 10853 3741767900000000 
 10857 3751272900000000 
 10861 3792440100000000 
 10865 3873566000000000 
 10869 3969764600000000 
 10873 4074733700000000 
 10877 4178255900000000 
 10881 4262945700000000 
 10885 4315369300000000 
 10889 4333565700000000 
 10893 4320530100000000 
 10897 4292253900000000 
 10901 4263253400000000 
 10905 4250493400000000 
 10909 4267775300000000 
 10913 4322279400000000 
 10917 4429731600000000 
 10921 4571647000000000 
 10925 4801550000000000 
 10929 5137886500000000 
 10933 5481647000000000 
 10937 5858583800000000 
 10941 5998733400000000 
 10945 6085963200000000 
 10949 6114389100000000 
 10953 6049711900000000 
 10957 5861481600000000 
 10961 5476882300000000 
 10965 5311089400000000 
 10969 5033508300000000 
 10973 4632644300000000 
 10977 4265537100000000 
 10981 4009499500000000 
 10985 3805500900000000 
 10989 3656014800000000 
 10993 3574081000000000 
 10997 3541626800000000 
 11001 3552962500000000 
 11005 3600488000000000 
 11009 3679979900000000 
 11013 3795267600000000 
 11017 3932891500000000 
 11021 4070397100000000 
 11025 4191366300000000 
 11029 4281193700000000 
 11033 4325235600000000 
 11037 4314995300000000 
 11041 4234360900000000 
 11045 4083790700000000 
 11049 3888876000000000 
 11053 3696389600000000 
 11057 3541615500000000 
 11061 3449749900000000 
 11065 3425950800000000 
 11069 3458195800000000 
 11073 3557329100000000 
 11077 3735273600000000 
 11081 3993110100000000 
 11085 4341156200000000 
 11089 4780154200000000 
 11093 5217446000000000 
 11097 5570474300000000 
 11101 5845088100000000 
 11105 5759619300000000 
 11109 5533180600000000 
 11113 5542214300000000 
 11117 5525318300000000 
 11121 5505169000000000 
 11125 5494749300000000 
 11129 5512287500000000 
 11133 5571118500000000 
 11137 5657995700000000 
 11141 5755310100000000 
 11145 5647009700000000 
 11149 5794833000000000 
 11153 5687631200000000 
 11157 5822379300000000 
 11161 5666566800000000 
 11165 5714525000000000 
 11169 5689372600000000 
 11173 5549991500000000 
 11177 5201370100000000 
 11181 4571790600000000 
 11185 3786439800000000 
 11189 2973556000000000 
 11193 2194590300000000 
 11197 2267083400000000 
 11201 2420716500000000 
 11205 2645587500000000 
 11209 2298248100000000 
 11213 2813065200000000 
 11217 2697320300000000 
 11221 2733328500000000 
 11225 2882898800000000 
 11229 3164818500000000 
 11233 3593566000000000 
 11237 4153400000000000 
 11241 4812674700000000 
 11245 5400900200000000 
 11249 5804787000000000 
 11253 5619729300000000 
 11257 5543851500000000 
 11261 5257716100000000 
 11265 4822396500000000 
 11269 4472331100000000 
 11273 4214651300000000 
 11277 4160194400000000 
 11281 4224573700000000 
 11285 4411005800000000 
 11289 4733523900000000 
 11293 5094359300000000 
 11297 5416001400000000 
 11301 5723580200000000 
 11305 6045576400000000 
 11309 6160034000000000 
 11313 6293648900000000 
 11317 6425419800000000 
 11321 6509567800000000 
 11325 6492391700000000 
 11329 6272004100000000 
 11333 5646520200000000 
 11337 5031052000000000 
 11341 3917812400000000 
 11345 2768707800000000 
 11349 1673936600000000 
 11353 1451831300000000 
 11357 1427275300000000 
 11361 1575592900000000 
 11365 1840328700000000 
 11369 2220588800000000 
 11373 2750901800000000 
 11377 2757928600000000 
 11381 2812005400000000 
 11385 2963896100000000 
 11389 3261504000000000 
 11393 3724248700000000 
 11397 4342469100000000 
 11401 5121611400000000 
 11405 5801813500000000 
 11409 6079784500000000 
 11413 6113070500000000 
 11417 5859027200000000 
 11421 5219091100000000 
 11425 4714840700000000 
 11429 4170863900000000 
 11433 3717254200000000 
 11437 3346210400000000 
 11441 3079700700000000 
 11445 2939698400000000 
 11449 2884034200000000 
 11453 2883894000000000 
 11457 2952126600000000 
 11461 3078837100000000 
 11465 3262628700000000 
 11469 3481998600000000 
 11473 3731014100000000 
 11477 4013884800000000 
 11481 4329448700000000 
 11485 4633534700000000 
 11489 4869493400000000 
 11493 5044897000000000 
 11497 5095072000000000 
 11501 5062950600000000 
 11505 4939706200000000 
 11509 4823750400000000 
 11513 4689797400000000 
 11517 4528563100000000 
 11521 4344750600000000 
 11525 4246697700000000 
 11529 4171814500000000 
 11533 4111180400000000 
 11537 4070217400000000 
 11541 4042628700000000 
 11545 4028461100000000 
 11549 4024018000000000 
 11553 4032553000000000 
 11557 4049345700000000 
 11561 4079430500000000 
 11565 4148385300000000 
 11569 4294478100000000 
 11573 4507050600000000 
 11577 4753681100000000 
 11581 5100883700000000 
 11585 5490003300000000 
 11589 5951907800000000 
 11593 6219090200000000 
 11597 6470136800000000 
 11601 6705485500000000 
 11605 6861357400000000 
 11609 6918404000000000 
 11613 6860533500000000 
 11617 6547465600000000 
 11621 5829183800000000 
 11625 4598443300000000 
 11629 3640779700000000 
 11633 2726351600000000 
 11637 1852535000000000 
 11641 1881544700000000 
 11645 1999407100000000 
 11649 2199535300000000 
 11653 2519908300000000 
 11657 2197430500000000 
 11661 2722066000000000 
 11665 2537933400000000 
 11669 2413296300000000 
 11673 3027224900000000 
 11677 3170708600000000 
 11681 3537168000000000 
 11685 4106895700000000 
 11689 4839203800000000 
 11693 5497198900000000 
 11697 5942454800000000 
 11701 5672795400000000 
 11705 5344589800000000 
 11709 4525526000000000 
 11713 3543550500000000 
 11717 2702861600000000 
 11721 2054610700000000 
 11725 2509128500000000 
 11729 2299023000000000 
 11733 3255410500000000 
 11737 3804873600000000 
 11741 4527335700000000 
 11745 5204656800000000 
 11749 5713196300000000 
 11753 6158330700000000 
 11757 6345151700000000 
 11761 6635652900000000 
 11765 7067478400000000 
 11769 7557906200000000 
 11773 8005478900000000 
 11777 8126610800000000 
 11781 7808593400000000 
 11785 6640811700000000 
 11789 4963463200000000 
 11793 3460101200000000 
 11797 2070600200000000 
 11801 1586952800000000 
 11805 1329036400000000 
 11809 1292143300000000 
 11813 1407769700000000 
 11817 1635554200000000 
 11821 1987858400000000 
 11825 2455288700000000 
 11829 2296467100000000 
 11833 2828003400000000 
 11837 2781525500000000 
 11841 2814443300000000 
 11845 3037846000000000 
 11849 3478411500000000 
 11853 4068193400000000 
 11857 4735903500000000 
 11861 5310680600000000 
 11865 5684581100000000 
 11869 5869736700000000 
 11873 5301840800000000 
 11877 4911947600000000 
 11881 4499034900000000 
 11885 4016920600000000 
 11889 3730649200000000 
 11893 3575455100000000 
 11897 3543924800000000 
 11901 3580888100000000 
 11905 3712376700000000 
 11909 3974825400000000 
 11913 4336234200000000 
 11917 4812029600000000 
 11921 5335644500000000 
 11925 5845221300000000 
 11929 6070511200000000 
 11933 6227198700000000 
 11937 6329050000000000 
 11941 6356887000000000 
 11945 6313236200000000 
 11949 6161409500000000 
 11953 5893964200000000 
 11957 5474757100000000 
 11961 5346235900000000 
 11965 5193614000000000 
 11969 4981113000000000 
 11973 4811789300000000 
 11977 4625457700000000 
 11981 4385367400000000 
 11985 4174417400000000 
 11989 3917280400000000 
 11993 3595574100000000 
 11997 3201846200000000 
 12001 2762637500000000 
 12005 2337316700000000 
 12009 2670263600000000 
 12013 2251716700000000 
 12017 2668288800000000 
 12021 2425714200000000 
 12025 3016552300000000 
 12029 2940191700000000 
 12033 3034696600000000 
 12037 3232304400000000 
 12041 3545433300000000 
 12045 4008243300000000 
 12049 4666681900000000 
 12053 5462446400000000 
 12057 6270117500000000 
 12061 6812574800000000 
 12065 7153061200000000 
 12069 7295555800000000 
 12073 7185790600000000 
 12077 6718437800000000 
 12081 5840482900000000 
 12085 4588298000000000 
 12089 3913395500000000 
 12093 3529721900000000 
 12097 3307426500000000 
 12101 3227236200000000 
 12105 3232116800000000 
 12109 3313863400000000 
 12113 3458552700000000 
 12117 3595922500000000 
 12121 3703135500000000 
 12125 3808308100000000 
 12129 3990103400000000 
 12133 4321316800000000 
 12137 4805739700000000 
 12141 5325581600000000 
 12145 5690085900000000 
 12149 5873830000000000 
 12153 5325171500000000 
 12157 4751961900000000 
 12161 3814938500000000 
 12165 2723028400000000 
 12169 1673176900000000 
 12173 1532205500000000 
 12177 1592899300000000 
 12181 1857106000000000 
 12185 2305628500000000 
 12189 2949673800000000 
 12193 3317781100000000 
 12197 3839602100000000 
 12201 4394323600000000 
 12205 4990887600000000 
 12209 5629434800000000 
 12213 6376770800000000 
 12217 7042533400000000 
 12221 7737300700000000 
 12225 8193645300000000 
 12229 8457495600000000 
 12233 8421697400000000 
 12237 7875684000000000 
 12241 6704796100000000 
 12245 5213293600000000 
 12249 3904299100000000 
 12253 3056854200000000 
 12257 2363664100000000 
 12261 2681076900000000 
 12265 2308646500000000 
 12269 2825144200000000 
 12273 2666983300000000 
 12277 2639939100000000 
 12281 2666867300000000 
 12285 2750755500000000 
 12289 2865893400000000 
 12293 3027396100000000 
 12297 3239434500000000 
 12301 3488145300000000 
 12305 3723802200000000 
 12309 3915104300000000 
 12313 4029020400000000 
 12317 4057385700000000 
 12321 4011175400000000 
 12325 3895007500000000 
 12329 3736312200000000 
 12333 3592021100000000 
 12337 3502501900000000 
 12341 3477797500000000 
 12345 3502830700000000 
 12349 3580678900000000 
 12353 3746349800000000 
 12357 3998960000000000 
 12361 4339041700000000 
 12365 4764785100000000 
 12369 5216630100000000 
 12373 5622135600000000 
 12377 6004545600000000 
 12381 6070874100000000 
 12385 6028476200000000 
 12389 5887800200000000 
 12393 5647875500000000 
 12397 5692376800000000 
 12401 5736555100000000 
 12405 5470651700000000 
 12409 5526225600000000 
 12413 5614837700000000 
 12417 5718906700000000 
 12421 5838061700000000 
 12425 5702445700000000 
 12429 5817781100000000 
 12433 5656122000000000 
 12437 5730640000000000 
 12441 5464763300000000 
 12445 5427462500000000 
 12449 5299134700000000 
 12453 4968395200000000 
 12457 4509767200000000 
 12461 3751213600000000 
 12465 2932865600000000 
 12469 2092147300000000 
 12473 2090502000000000 
 12477 2153344800000000 
 12481 2299676400000000 
 12485 2567064500000000 
 12489 2278656100000000 
 12493 2888093700000000 
 12497 2956931300000000 
 12501 3185225700000000 
 12505 3559782400000000 
 12509 4117654700000000 
 12513 4905478100000000 
 12517 5811770500000000 
 12521 6389694600000000 
 12525 6802071500000000 
 12529 7028699700000000 
 12533 7039780500000000 
 12537 6763161300000000 
 12541 6210322300000000 
 12545 5452630400000000 
 12549 5152304900000000 
 12553 4969667500000000 
 12557 4996584600000000 
 12561 5071855300000000 
 12565 5232045000000000 
 12569 5477619800000000 
 12573 5749583700000000 
 12577 5750658600000000 
 12581 5701527900000000 
 12585 5920420900000000 
 12589 5897644700000000 
 12593 5839322400000000 
 12597 5725519600000000 
 12601 5789899100000000 
 12605 5395399300000000 
 12609 5141592700000000 
 12613 4599682300000000 
 12617 3830284500000000 
 12621 2985792200000000 
 12625 2107352000000000 
 12629 2067055100000000 
 12633 2098148400000000 
 12637 2199985300000000 
 12641 2392646900000000 
 12645 2743605500000000 
 12649 2559966600000000 
 12653 2511589400000000 
 12657 2593362000000000 
 12661 2808713600000000 
 12665 3154920900000000 
 12669 3588362400000000 
 12673 4040901100000000 
 12677 4498923000000000 
 12681 4891877600000000 
 12685 5224391400000000 
 12689 5433832100000000 
 12693 5582038900000000 
 12697 5700766600000000 
 12701 5826457800000000 
 12705 5667585800000000 
 12709 5819843900000000 
 12713 5754321800000000 
 12717 5699735300000000 
 12721 5944782500000000 
 12725 5981296600000000 
 12729 5996064800000000 
 12733 5990320600000000 
 12737 5950757500000000 
 12741 5847285200000000 
 12745 5618668600000000 
 12749 5580545900000000 
 12753 5432869900000000 
 12757 5123307500000000 
 12761 4635019600000000 
 12765 4136254800000000 
 12769 3710782700000000 
 12773 3325127300000000 
 12777 2992284600000000 
 12781 2754271600000000 
 12785 2638582000000000 
 12789 2610872300000000 
 12793 2650044700000000 
 12797 2728171500000000 
 12801 2856698900000000 
 12805 3067320200000000 
 12809 3374142800000000 
 12813 3776495500000000 
 12817 4214469900000000 
 12821 4605353500000000 
 12825 4848376700000000 
 12829 4947472600000000 
 12833 4833602400000000 
 12837 4499853500000000 
 12841 3977479200000000 
 12845 3564562800000000 
 12849 3262852800000000 
 12853 3108439300000000 
 12857 3079152800000000 
 12861 3178038800000000 
 12865 3431921700000000 
 12869 3810620200000000 
 12873 4290675400000000 
 12877 4850747100000000 
 12881 5460955100000000 
 12885 6102790000000000 
 12889 6579355700000000 
 12893 7046874100000000 
 12897 7430456300000000 
 12901 7644846200000000 
 12905 7624537000000000 
 12909 7122862600000000 
 12913 5904160200000000 
 12917 4049565000000000 
 12921 2634863900000000 
 12925 1464271700000000 
 12929 1248575200000000 
 12933 1267124600000000 
 12937 1449430000000000 
 12941 1742058800000000 
 12945 2164564500000000 
 12949 2717263700000000 
 12953 2720085800000000 
 12957 2717851800000000 
 12961 2765412800000000 
 12965 2989329600000000 
 12969 3457412000000000 
 12973 4163259500000000 
 12977 5096822500000000 
 12981 5929662700000000 
 12985 6387939400000000 
 12989 6569396400000000 
 12993 6444055100000000 
 12997 5896054100000000 
 13001 4974978000000000 
 13005 4525232200000000 
 13009 4149076800000000 
 13013 4003328900000000 
 13017 3977123800000000 
 13021 4023942300000000 
 13025 4188348800000000 
 13029 4454524600000000 
 13033 4749586200000000 
 13037 5114774900000000 
 13041 5464870100000000 
 13045 5817450200000000 
 13049 5886697600000000 
 13053 5900972700000000 
 13057 5841976700000000 
 13061 5679940000000000 
 13065 5724898200000000 
 13069 5710124000000000 
 13073 5598216700000000 
 13077 5370539500000000 
 13081 5047392400000000 
 13085 4657195500000000 
 13089 4319005800000000 
 13093 4081651600000000 
 13097 3870535400000000 
 13101 3700080600000000 
 13105 3548825400000000 
 13109 3424246900000000 
 13113 3311590800000000 
 13117 3219926100000000 
 13121 3140784200000000 
 13125 3072761600000000 
 13129 3024872000000000 
 13133 3002806100000000 
 13137 3011052100000000 
 13141 3050588500000000 
 13145 3147802400000000 
 13149 3338640000000000 
 13153 3630058000000000 
 13157 4046507900000000 
 13161 4647165800000000 
 13165 5367320900000000 
 13169 6123304400000000 
 13173 6685340500000000 
 13177 7205723900000000 
 13181 7672648200000000 
 13185 8054137800000000 
 13189 8118011400000000 
 13193 7882834500000000 
 13197 7131065700000000 
 13201 6142059700000000 
 13205 4723057200000000 
 13209 3769732900000000 
 13213 3045541700000000 
 13217 2412301100000000 
 13221 2787971600000000 
 13225 2392033800000000 
 13229 2987278400000000 
 13233 2843607400000000 
 13237 2846005700000000 
 13241 2867113300000000 
 13245 2895292700000000 
 13249 2945060400000000 
 13253 3058993700000000 
 13257 3317722800000000 
 13261 3750990500000000 
 13265 4320612400000000 
 13269 4888617900000000 
 13273 5270517200000000 
 13277 5346284700000000 
 13281 4989301400000000 
 13285 4210155500000000 
 13289 3248208000000000 
 13293 2190053400000000 
 13297 2064050600000000 
 13301 2164280700000000 
 13305 2517551300000000 
 13309 2346383500000000 
 13313 3273852800000000 
 13317 3968801600000000 
 13321 4843752500000000 
 13325 5635456800000000 
 13329 6252999100000000 
 13333 6580957200000000 
 13337 7010769600000000 
 13341 7675845200000000 
 13345 8460377800000000 
 13349 9321801400000000 
 13353 10007528000000000 
 13357 10298793000000000 
 13361 10069193000000000 
 13365 8995869200000000 
 13369 7338163300000000 
 13373 5235889200000000 
 13377 3197955900000000 
 13381 1818967600000000 
 13385 1778919900000000 
 13389 1942156800000000 
 13393 2243488900000000 
 13397 2693588300000000 
 13401 2559505500000000 
 13405 2805154600000000 
 13409 3022241700000000 
 13413 3195703000000000 
 13417 3402122900000000 
 13421 3757725100000000 
 13425 4347054700000000 
 13429 5239569600000000 
 13433 6180979800000000 
 13437 6830573900000000 
 13441 7356543500000000 
 13445 7639175200000000 
 13449 7607584900000000 
 13453 7248906300000000 
 13457 6665434300000000 
 13461 5973205400000000 
 13465 5326101000000000 
 13469 5286631300000000 
 13473 5450443200000000 
 13477 5789079700000000 
 13481 6022983500000000 
 13485 6380274700000000 
 13489 6845200700000000 
 13493 7415419500000000 
 13497 8095765300000000 
 13501 8673328000000000 
 13505 9305469800000000 
 13509 9974018800000000 
 13513 10549131000000000 
 13517 11140689000000000 
 13521 11723251000000000 
 13525 12110114000000000 
 13529 12463511000000000 
 13533 12767742000000000 
 13537 13034571000000000 
 13541 13273826000000000 
 13545 13491971000000000 
 13549 13336308000000000 
 13553 13453479000000000 
 13557 13172811000000000 
 13561 13136327000000000 
 13565 13029154000000000 
 13569 12860289000000000 
 13573 12614763000000000 
 13577 12326382000000000 
 13581 11991660000000000 
 13585 11635627000000000 
 13589 11267664000000000 
 13593 11184375000000000 
 13597 11228736000000000 
 13601 11429784000000000 
 13605 11570828000000000 
 13609 11804451000000000 
 13613 12147787000000000 
 13617 12638554000000000 
 13621 13322586000000000 
 13625 14266899000000000 
 13629 15183706000000000 
 13633 16310798000000000 
 13637 17282656000000000 
 13641 18270617000000000 
 13645 19235414000000000 
 13649 19577877000000000 
 13653 19722872000000000 
 13657 19703236000000000 
 13661 19652638000000000 
 13665 19681542000000000 
 13669 19819285000000000 
 13673 20036555000000000 
 13677 20332336000000000 
 13681 20758787000000000 
 13685 21343313000000000 
 13689 22039403000000000 
 13693 22541375000000000 
 13697 23123563000000000 
 13701 23777470000000000 
 13705 24503042000000000 
 13709 25474186000000000 
 13713 26626986000000000 
 13717 27697783000000000 
 13721 28534351000000000 
 13725 29082984000000000 
 13729 29128198000000000 
 13733 28831255000000000 
 13737 28260444000000000 
 13741 27899626000000000 
 13745 27596062000000000 
 13749 27458052000000000 
 13753 27463350000000000 
 13757 27558361000000000 
 13761 27716812000000000 
 13765 27971520000000000 
 13769 28353825000000000 
 13773 28820569000000000 
 13777 29184932000000000 
 13781 29600475000000000 
 13785 30049420000000000 
 13789 30500997000000000 
 13793 30925299000000000 
 13797 31214322000000000 
 13801 31388538000000000 
 13805 31440002000000000 
 13809 31377273000000000 
 13813 31158109000000000 
 13817 30793034000000000 
 13821 30347642000000000 
 13825 30117743000000000 
 13829 29951128000000000 
 13833 29867861000000000 
 13837 29860982000000000 
 13841 29919315000000000 
 13845 30055846000000000 
 13849 30278260000000000 
 13853 30556697000000000 
 13857 30819713000000000 
 13861 30906258000000000 
 13865 30984075000000000 
 13869 31047303000000000 
 13873 31092512000000000 
 13877 31098645000000000 
 13881 31055286000000000 
 13885 30933878000000000 
 13889 30742696000000000 
 13893 30469888000000000 
 13897 30314807000000000 
 13901 30099705000000000 
 13905 29863280000000000 
 13909 29663594000000000 
 13913 29532556000000000 
 13917 29485829000000000 
 13921 29520685000000000 
 13925 29646231000000000 
 13929 29853149000000000 
 13933 30102819000000000 
 13937 30381316000000000 
 13941 30638588000000000 
 13945 30857361000000000 
 13949 30961750000000000 
 13953 31027461000000000 
 13957 31057383000000000 
 13961 31064388000000000 
 13965 31042157000000000 
 13969 31002912000000000 
 13973 30964372000000000 
 13977 30937949000000000 
 13981 30927278000000000 
 13985 30937933000000000 
 13989 30966892000000000 
 13993 31006827000000000 
 13997 31047990000000000 
 14001 31081017000000000 
 14005 31097184000000000 
 14009 31092778000000000 
 14013 31061282000000000 
 14017 30990681000000000 
 14021 30865458000000000 
 14025 30671186000000000 
 14029 30611507000000000 
 14033 30509912000000000 
 14037 30378321000000000 
 14041 30231161000000000 
 14045 30102038000000000 
 14049 30018897000000000 
 14053 30015707000000000 
 14057 30100883000000000 
 14061 30261106000000000 
 14065 30469576000000000 
 14069 30688102000000000 
 14073 30893898000000000 
 14077 30959067000000000 
 14081 31019701000000000 
 14085 31065210000000000 
 14089 31071595000000000 
 14093 31017760000000000 
 14097 30915570000000000 
 14101 30769336000000000 
 14105 30567219000000000 
 14109 30499447000000000 
 14113 30411598000000000 
 14117 30343479000000000 
 14121 30327907000000000 
 14125 30364129000000000 
 14129 30450040000000000 
 14133 30584273000000000 
 14137 30760774000000000 
 14141 30860187000000000 
 14145 30997965000000000 
 14149 31130234000000000 
 14153 31221536000000000 
 14157 31288174000000000 
 14161 31328083000000000 
 14165 31330764000000000 
 14169 31280728000000000 
 14173 31188411000000000 
 14177 31046340000000000 
 14181 30840148000000000 
 14185 30570132000000000 
 14189 30457181000000000 
 14193 30332298000000000 
 14197 30226327000000000 
 14201 30155686000000000 
 14205 30133265000000000 
 14209 30171100000000000 
 14213 30276470000000000 
 14217 30441841000000000 
 14221 30638030000000000 
 14225 30832601000000000 
 14229 30878715000000000 
 14233 30915671000000000 
 14237 30937010000000000 
 14241 30935776000000000 
 14245 30903336000000000 
 14249 30835745000000000 
 14253 30731293000000000 
 14257 30599660000000000 
 14261 30587305000000000 
 14265 30556731000000000 
 14269 30526326000000000 
 14273 30512813000000000 
 14277 30525409000000000 
 14281 30572676000000000 
 14285 30658595000000000 
 14289 30763140000000000 
 14293 30805291000000000 
 14297 30887882000000000 
 14301 30966290000000000 
 14305 31021347000000000 
 14309 31057020000000000 
 14313 31067772000000000 
 14317 31040952000000000 
 14321 30979972000000000 
 14325 30879414000000000 
 14329 30734421000000000 
 14333 30535215000000000 
 14337 30472828000000000 
 14341 30392197000000000 
 14345 30317427000000000 
 14349 30280242000000000 
 14353 30284560000000000 
 14357 30343521000000000 
 14361 30460708000000000 
 14365 30630176000000000 
 14369 30816979000000000 
 14373 30866411000000000 
 14377 30920326000000000 
 14381 30969819000000000 
 14385 31009086000000000 
 14389 31019296000000000 
 14393 30989664000000000 
 14397 30916928000000000 
 14401 30801425000000000 
 14405 30634893000000000 
 14409 30570120000000000 
 14413 30467848000000000 
 14417 30359810000000000 
 14421 30290835000000000 
 14425 30279211000000000 
 14429 30325425000000000 
 14433 30425160000000000 
 14437 30578962000000000 
 14441 30778460000000000 
 14445 30902088000000000 
 14449 31051591000000000 
 14453 31184758000000000 
 14457 31287380000000000 
 14461 31360986000000000 
 14465 31406842000000000 
 14469 31405355000000000 
 14473 31356134000000000 
 14477 31251714000000000 
 14481 31089893000000000 
 14485 30842711000000000 
 14489 30512807000000000 
 14493 30333041000000000 
 14497 30126260000000000 
 14501 29930353000000000 
 14505 29774231000000000 
 14509 29690960000000000 
 14513 29679528000000000 
 14517 29755085000000000 
 14521 29917811000000000 
 14525 30137529000000000 
 14529 30394786000000000 
 14533 30660749000000000 
 14537 30891796000000000 
 14541 30959317000000000 
 14545 31007231000000000 
 14549 31018073000000000 
 14553 30980738000000000 
 14557 30907573000000000 
 14561 30803182000000000 
 14565 30664715000000000 
 14569 30660127000000000 
 14573 30639890000000000 
 14577 30616599000000000 
 14581 30608260000000000 
 14585 30618015000000000 
 14589 30642830000000000 
 14593 30685661000000000 
 14597 30741699000000000 
 14601 30739733000000000 
 14605 30759375000000000 
 14609 30793278000000000 
 14613 30821753000000000 
 14617 30839753000000000 
 14621 30838567000000000 
 14625 30829017000000000 
 14629 30811846000000000 
 14633 30794159000000000 
 14637 30780808000000000 
 14641 30774470000000000 
 14645 30782147000000000 
 14649 30804793000000000 
 14653 30835932000000000 
 14657 30871590000000000 
 14661 30905065000000000 
 14665 30927938000000000 
 14669 30934074000000000 
 14673 30915711000000000 
 14677 30856407000000000 
 14681 30748974000000000 
 14685 30584627000000000 
 14689 30536723000000000 
 14693 30422349000000000 
 14697 30256008000000000 
 14701 30040108000000000 
 14705 29802234000000000 
 14709 29600435000000000 
 14713 29455386000000000 
 14717 29382185000000000 
 14721 29399908000000000 
 14725 29523661000000000 
 14729 29746990000000000 
 14733 30050073000000000 
 14737 30374338000000000 
 14741 30697518000000000 
 14745 30919326000000000 
 14749 31130911000000000 
 14753 31300721000000000 
 14757 31414377000000000 
 14761 31445715000000000 
 14765 31416677000000000 
 14769 31323440000000000 
 14773 31170414000000000 
 14777 30940357000000000 
 14781 30634931000000000 
 14785 30511598000000000 
 14789 30414594000000000 
 14793 30377468000000000 
 14797 30400336000000000 
 14801 30474371000000000 
 14805 30623325000000000 
 14809 30853985000000000 
 14813 30991769000000000 
 14817 31150163000000000 
 14821 31265584000000000 
 14825 31350720000000000 
 14829 31437656000000000 
 14833 31511332000000000 
 14837 31543562000000000 
 14841 31512449000000000 
 14845 31405533000000000 
 14849 31218483000000000 
 14853 30930757000000000 
 14857 30482464000000000 
 14861 30089067000000000 
 14865 29573329000000000 
 14869 29015034000000000 
 14873 28545562000000000 
 14877 28516314000000000 
 14881 28593574000000000 
 14885 28746410000000000 
 14889 28777386000000000 
 14893 28939470000000000 
 14897 29230660000000000 
 14901 29599639000000000 
 14905 29983797000000000 
 14909 30347369000000000 
 14913 30706644000000000 
 14917 30978730000000000 
 14921 31213937000000000 
 14925 31379763000000000 
 14929 31432411000000000 
 14933 31396073000000000 
 14937 31271429000000000 
 14941 31059180000000000 
 14945 30773350000000000 
 14949 30450636000000000 
 14953 30332615000000000 
 14957 30259609000000000 
 14961 30243863000000000 
 14965 30275110000000000 
 14969 30360217000000000 
 14973 30499532000000000 
 14977 30671339000000000 
 14981 30848793000000000 
 14985 30914115000000000 
 14989 30983835000000000 
 14993 31060043000000000 
 14997 31104312000000000 
 15001 31114382000000000 
 15005 31095853000000000 
 15009 31052449000000000 
 15013 30986129000000000 
 15017 30896754000000000 
 15021 30786771000000000 
 15025 30654287000000000 
 15029 30663906000000000 
 15033 30662243000000000 
 15037 30651051000000000 
 15041 30634311000000000 
 15045 30616823000000000 
 15049 30603112000000000 
 15053 30593196000000000 
 15057 30587050000000000 
 15061 30582445000000000 
 15065 30580934000000000 
 15069 30584029000000000 
 15073 30595301000000000 
 15077 30617028000000000 
 15081 30655074000000000 
 15085 30710276000000000 
 15089 30707615000000000 
 15093 30756975000000000 
 15097 30837348000000000 
 15101 30927410000000000 
 15105 31013579000000000 
 15109 31100443000000000 
 15113 31181332000000000 
 15117 31230235000000000 
 15121 31243158000000000 
 15125 31221532000000000 
 15129 31160644000000000 
 15133 31050427000000000 
 15137 30886050000000000 
 15141 30638588000000000 
 15145 30503322000000000 
 15149 30313155000000000 
 15153 30076784000000000 
 15157 29830623000000000 
 15161 29636730000000000 
 15165 29500790000000000 
 15169 29434952000000000 
 15173 29450689000000000 
 15177 29571955000000000 
 15181 29787669000000000 
 15185 30060691000000000 
 15189 30351824000000000 
 15193 30644647000000000 
 15197 30927679000000000 
 15201 31091116000000000 
 15205 31227059000000000 
 15209 31305834000000000 
 15213 31304028000000000 
 15217 31225332000000000 
 15221 31091351000000000 
 15225 30888112000000000 
 15229 30601882000000000 
 15233 30468652000000000 
 15237 30338726000000000 
 15241 30263184000000000 
 15245 30264173000000000 
 15249 30329724000000000 
 15253 30445689000000000 
 15257 30612703000000000 
 15261 30825220000000000 
 15265 30978965000000000 
 15269 31146342000000000 
 15273 31273641000000000 
 15277 31368379000000000 
 15281 31434863000000000 
 15285 31480923000000000 
 15289 31497312000000000 
 15293 31477752000000000 
 15297 31378311000000000 
 15301 31212369000000000 
 15305 30951887000000000 
 15309 30591980000000000 
 15313 30331614000000000 
 15317 29995065000000000 
 15321 29637412000000000 
 15325 29321375000000000 
 15329 29050477000000000 
 15333 28869712000000000 
 15337 28796746000000000 
 15341 28823154000000000 
 15345 28965898000000000 
 15349 29184470000000000 
 15353 29459912000000000 
 15357 29779475000000000 
 15361 30088740000000000 
 15365 30369647000000000 
 15369 30631195000000000 
 15373 30874509000000000 
 15377 30951889000000000 
 15381 30975775000000000 
 15385 30942125000000000 
 15389 30866600000000000 
 15393 30764415000000000 
 15397 30649514000000000 
 15401 30668772000000000 
 15405 30679498000000000 
 15409 30706975000000000 
 15413 30663391000000000 
 15417 30769965000000000 
 15421 30788677000000000 
 15425 30841682000000000 
 15429 30906173000000000 
 15433 30969998000000000 
 15437 31035213000000000 
 15441 31089746000000000 
 15445 31108638000000000 
 15449 31104787000000000 
 15453 31082875000000000 
 15457 31041998000000000 
 15461 30978442000000000 
 15465 30904666000000000 
 15469 30827557000000000 
 15473 30750408000000000 
 15477 30689025000000000 
 15481 30788318000000000 
 15485 30733949000000000 
 15489 30699427000000000 
 15493 30670935000000000 
 15497 30793311000000000 
 15501 30746819000000000 
 15505 30689536000000000 
 15509 30764586000000000 
 15513 30641616000000000 
 15517 30656077000000000 
 15521 30635182000000000 
 15525 30590010000000000 
 15529 30535084000000000 
 15533 30490293000000000 
 15537 30472850000000000 
 15541 30496137000000000 
 15545 30561541000000000 
 15549 30656855000000000 
 15553 30780993000000000 
 15557 30842839000000000 
 15561 30967755000000000 
 15565 31086965000000000 
 15569 31195026000000000 
 15573 31289725000000000 
 15577 31358685000000000 
 15581 31430708000000000 
 15585 31472697000000000 
 15589 31485654000000000 
 15593 31464353000000000 
 15597 31394156000000000 
 15601 31272556000000000 
 15605 31105146000000000 
 15609 30907172000000000 
 15613 30687169000000000 
 15617 30681486000000000 
 15621 30688458000000000 
 15625 30721863000000000 
 15629 30618197000000000 
 15633 30762643000000000 
 15637 30777809000000000 
 15641 30835727000000000 
 15645 30909639000000000 
 15649 30979452000000000 
 15653 31040091000000000 
 15657 31080612000000000 
 15661 31097544000000000 
 15665 31083643000000000 
 15669 31036433000000000 
 15673 30958955000000000 
 15677 30852130000000000 
 15681 30721682000000000 
 15685 30574908000000000 
 15689 30584647000000000 
 15693 30600135000000000 
 15697 30634074000000000 
 15701 30686308000000000 
 15705 30768584000000000 
 15709 30767075000000000 
 15713 30817215000000000 
 15717 30901088000000000 
 15721 30990706000000000 
 15725 31064529000000000 
 15729 31123502000000000 
 15733 31162243000000000 
 15737 31179031000000000 
 15741 31176603000000000 
 15745 31154124000000000 
 15749 31115779000000000 
 15753 31066402000000000 
 15757 31007684000000000 
 15761 30931506000000000 
 15765 30863791000000000 
 15769 30804223000000000 
 15773 30762081000000000 
 15777 30744808000000000 
 15781 30746015000000000 
 15785 30764514000000000 
 15789 30790619000000000 
 15793 30817935000000000 
 15797 30838012000000000 
 15801 30846587000000000 
 15805 30836930000000000 
 15809 30803797000000000 
 15813 30741426000000000 
 15817 30656370000000000 
 15821 30689756000000000 
 15825 30691784000000000 
 15829 30673008000000000 
 15833 30651621000000000 
 15837 30645765000000000 
 15841 30667205000000000 
 15845 30719697000000000 
 15849 30683629000000000 
 15853 30841035000000000 
 15857 30904183000000000 
 15861 31007011000000000 
 15865 31125813000000000 
 15869 31226416000000000 
 15873 31303697000000000 
 15877 31353850000000000 
 15881 31365425000000000 
 15885 31339704000000000 
 15889 31290439000000000 
 15893 31208395000000000 
 15897 31096683000000000 
 15901 30953977000000000 
 15905 30783151000000000 
 15909 30600643000000000 
 15913 30600268000000000 
 15917 30621740000000000 
 15921 30665501000000000 
 15925 30735710000000000 
 15929 30696286000000000 
 15933 30743711000000000 
 15937 30855042000000000 
 15941 30986714000000000 
 15945 31112978000000000 
 15949 31213489000000000 
 15953 31285642000000000 
 15957 31333096000000000 
 15961 31347022000000000 
 15965 31310280000000000 
 15969 31217345000000000 
 15973 31055889000000000 
 15977 30798916000000000 
 15981 30411242000000000 
 15985 30121611000000000 
 15989 29746250000000000 
 15993 29375380000000000 
 15997 29074522000000000 
 16001 28885348000000000 
 16005 28836907000000000 
 16009 28903311000000000 
 16013 29082499000000000 
 16017 29380252000000000 
 16021 29753548000000000 
 16025 30154916000000000 
 16029 30552625000000000 
 16033 30917007000000000 
 16037 31197306000000000 
 16041 31422466000000000 
 16045 31589258000000000 
 16049 31694253000000000 
 16053 31743005000000000 
 16057 31718773000000000 
 16061 31642127000000000 
 16065 31519649000000000 
 16069 31357631000000000 
 16073 31160618000000000 
 16077 30953224000000000 
 16081 30746562000000000 
 16085 30545336000000000 
 16089 30559126000000000 
 16093 30584634000000000 
 16097 30628473000000000 
 16101 30693734000000000 
 16105 30774325000000000 
 16109 30706912000000000 
 16113 30674459000000000 
 16117 30828992000000000 
 16121 30822046000000000 
 16125 30822051000000000 
 16129 30826942000000000 
 16133 30835088000000000 
 16137 30840769000000000 
 16141 30840573000000000 
 16145 30834318000000000 
 16149 30818248000000000 
 16153 30791388000000000 
 16157 30754741000000000 
 16161 30707573000000000 
 16165 30652915000000000 
 16169 30717849000000000 
 16173 30628854000000000 
 16177 30669543000000000 
 16181 30688194000000000 
 16185 30699219000000000 
 16189 30604773000000000 
 16193 30667321000000000 
 16197 30722162000000000 
 16201 30709755000000000 
 16205 30750957000000000 
 16209 30835320000000000 
 16213 30947903000000000 
 16217 31077423000000000 
 16221 31212114000000000 
 16225 31324550000000000 
 16229 31411600000000000 
 16233 31460980000000000 
 16237 31482716000000000 
 16241 31479708000000000 
 16245 31438959000000000 
 16249 31359872000000000 
 16253 31241648000000000 
 16257 31063164000000000 
 16261 30806817000000000 
 16265 30456614000000000 
 16269 30226839000000000 
 16273 29925254000000000 
 16277 29601522000000000 
 16281 29323621000000000 
 16285 29096909000000000 
 16289 28927423000000000 
 16293 28845442000000000 
 16297 28861327000000000 
 16301 28995003000000000 
 16305 29229612000000000 
 16309 29535821000000000 
 16313 29862771000000000 
 16317 30186863000000000 
 16321 30524555000000000 
 16325 30858421000000000 
 16329 31096133000000000 
 16333 31251960000000000 
 16337 31310668000000000 
 16341 31277942000000000 
 16345 31174308000000000 
 16349 30996530000000000 
 16353 30705732000000000 
 16357 30345390000000000 
 16361 30170180000000000 
 16365 30041938000000000 
 16369 30017621000000000 
 16373 30074488000000000 
 16377 30182195000000000 
 16381 30341708000000000 
 16385 30578758000000000 
 16389 30872062000000000 
 16393 31050793000000000 
 16397 31190554000000000 
 16401 31292103000000000 
 16405 31369580000000000 
 16409 31433419000000000 
 16413 31469267000000000 
 16417 31450053000000000 
 16421 31357264000000000 
 16425 31192263000000000 
 16429 30933978000000000 
 16433 30580135000000000 
 16437 30272704000000000 
 16441 29802898000000000 
 16445 29213102000000000 
 16449 28604586000000000 
 16453 28401913000000000 
 16457 28333014000000000 
 16461 28380870000000000 
 16465 28519094000000000 
 16469 28754103000000000 
 16473 28912766000000000 
 16477 29198248000000000 
 16481 29570275000000000 
 16485 29969750000000000 
 16489 30344315000000000 
 16493 30695764000000000 
 16497 30978945000000000 
 16501 31236304000000000 
 16505 31402106000000000 
 16509 31500866000000000 
 16513 31537149000000000 
 16517 31505415000000000 
 16521 31431189000000000 
 16525 31304998000000000 
 16529 31115779000000000 
 16533 30903559000000000 
 16537 30677159000000000 
 16541 30646145000000000 
 16545 30636075000000000 
 16549 30643638000000000 
 16553 30666635000000000 
 16557 30710178000000000 
 16561 30614307000000000 
 16565 30753954000000000 
 16569 30760224000000000 
 16573 30794137000000000 
 16577 30846720000000000 
 16581 30906708000000000 
 16585 30962475000000000 
 16589 31011805000000000 
 16593 31053078000000000 
 16597 31079287000000000 
 16601 31083280000000000 
 16605 31056403000000000 
 16609 30996583000000000 
 16613 30902042000000000 
 16617 30768612000000000 
 16621 30590188000000000 
 16625 30520918000000000 
 16629 30411804000000000 
 16633 30285844000000000 
 16637 30179987000000000 
 16641 30123184000000000 
 16645 30125853000000000 
 16649 30187713000000000 
 16653 30299138000000000 
 16657 30453761000000000 
 16661 30646482000000000 
 16665 30862101000000000 
 16669 31016112000000000 
 16673 31174255000000000 
 16677 31294578000000000 
 16681 31395585000000000 
 16685 31486681000000000 
 16689 31574604000000000 
 16693 31665921000000000 
 16697 31710773000000000 
 16701 31688362000000000 
 16705 31595827000000000 
 16709 31414967000000000 
 16713 31127762000000000 
 16717 30718928000000000 
 16721 30232138000000000 
 16725 29931457000000000 
 16729 29630121000000000 
 16733 29390646000000000 
 16737 29219518000000000 
 16741 29079362000000000 
 16745 28981072000000000 
 16749 28974171000000000 
 16753 29067855000000000 
 16757 29247380000000000 
 16761 29482558000000000 
 16765 29737621000000000 
 16769 29992760000000000 
 16773 30270279000000000 
 16777 30567211000000000 
 16781 30823251000000000 
 16785 30930245000000000 
 16789 30958384000000000 
 16793 30930108000000000 
 16797 30827848000000000 
 16801 30653670000000000 
 16805 30564932000000000 
 16809 30422849000000000 
 16813 30272128000000000 
 16817 30169083000000000 
 16821 30147933000000000 
 16825 30196457000000000 
 16829 30296560000000000 
 16833 30436780000000000 
 16837 30625250000000000 
 16841 30852397000000000 
 16845 31043705000000000 
 16849 31217416000000000 
 16853 31335214000000000 
 16857 31415559000000000 
 16861 31496988000000000 
 16865 31566214000000000 
 16869 31597474000000000 
 16873 31578369000000000 
 16877 31483203000000000 
 16881 31317272000000000 
 16885 31067707000000000 
 16889 30716971000000000 
 16893 30270469000000000 
 16897 29947600000000000 
 16901 29567069000000000 
 16905 29203201000000000 
 16909 28867345000000000 
 16913 28591456000000000 
 16917 28658097000000000 
 16921 28793872000000000 
 16925 28813564000000000 
 16929 28952486000000000 
 16933 29180963000000000 
 16937 29463614000000000 
 16941 29778651000000000 
 16945 30098843000000000 
 16949 30403545000000000 
 16953 30691181000000000 
 16957 30936170000000000 
 16961 31046332000000000 
 16965 31089995000000000 
 16969 31073092000000000 
 16973 31027976000000000 
 16977 30948818000000000 
 16981 30851446000000000 
 16985 30751472000000000 
 16989 30654593000000000 
 16993 30652157000000000 
 16997 30654179000000000 
 17001 30669097000000000 
 17005 30705122000000000 
 17009 30678434000000000 
 17013 30775475000000000 
 17017 30788720000000000 
 17021 30830901000000000 
 17025 30892117000000000 
 17029 30959523000000000 
 17033 31023109000000000 
 17037 31077993000000000 
 17041 31119833000000000 
 17045 31144454000000000 
 17049 31152572000000000 
 17053 31143084000000000 
 17057 31111225000000000 
 17061 31053251000000000 
 17065 30961598000000000 
 17069 30830700000000000 
 17073 30649270000000000 
 17077 30606910000000000 
 17081 30533139000000000 
 17085 30438644000000000 
 17089 30345727000000000 
 17093 30267479000000000 
 17097 30224662000000000 
 17101 30227392000000000 
 17105 30282254000000000 
 17109 30377649000000000 
 17113 30495386000000000 
 17117 30628825000000000 
 17121 30775657000000000 
 17125 30865466000000000 
 17129 30958886000000000 
 17133 31044613000000000 
 17137 31114482000000000 
 17141 31154164000000000 
 17145 31175537000000000 
 17149 31162519000000000 
 17153 31113457000000000 
 17157 31043474000000000 
 17161 30949103000000000 
 17165 30828431000000000 
 17169 30675429000000000 
 17173 30610717000000000 
 17177 30530900000000000 
 17181 30466128000000000 
 17185 30423583000000000 
 17189 30410294000000000 
 17193 30417921000000000 
 17197 30444962000000000 
 17201 30494660000000000 
 17205 30569092000000000 
 17209 30655990000000000 
 17213 30740357000000000 
 17217 30696986000000000 
 17221 30682282000000000 
 17225 30795522000000000 
 17229 30762783000000000 
 17233 30732900000000000 
 17237 30692492000000000 
 17241 30752375000000000 
 17245 30667632000000000 
 17249 30688162000000000 
 17253 30675023000000000 
 17257 30646284000000000 
 17261 30609800000000000 
 17265 30573544000000000 
 17269 30545016000000000 
 17273 30528224000000000 
 17277 30526360000000000 
 17281 30543534000000000 
 17285 30571763000000000 
 17289 30622700000000000 
 17293 30705646000000000 
 17297 30752147000000000 
 17301 30816598000000000 
 17305 30881561000000000 
 17309 30933297000000000 
 17313 30970581000000000 
 17317 30998606000000000 
 17321 31012026000000000 
 17325 31005849000000000 
 17329 30981547000000000 
 17333 30941192000000000 
 17337 30874825000000000 
 17341 30779971000000000 
 17345 30666936000000000 
 17349 30658818000000000 
 17353 30619134000000000 
 17357 30578680000000000 
 17361 30542703000000000 
 17365 30515548000000000 
 17369 30488444000000000 
 17373 30471118000000000 
 17377 30469623000000000 
 17381 30485779000000000 
 17385 30511759000000000 
 17389 30544272000000000 
 17393 30578588000000000 
 17397 30609876000000000 
 17401 30636887000000000 
 17405 30660267000000000 
 17409 30682643000000000 
 17413 30703751000000000 
 17417 30626939000000000 
 17421 30696359000000000 
 17425 30666721000000000 
 17429 30743395000000000 
 17433 30729979000000000 
 17437 30733249000000000 
 17441 30744674000000000 
 17445 30759852000000000 
 17449 30781294000000000 
 17453 30794152000000000 
 17457 30794796000000000 
 17461 30786185000000000 
 17465 30771662000000000 
 17469 30753720000000000 
 17473 30734035000000000 
 17477 30710865000000000 
 17481 30685733000000000 
 17485 30714436000000000 
 17489 30681158000000000 
 17493 30723046000000000 
 17497 30684508000000000 
 17501 30733555000000000 
 17505 30684592000000000 
 17509 30749572000000000 
 17513 30699288000000000 
 17517 30650328000000000 
 17521 30744831000000000 
 17525 30686890000000000 
 17529 30765593000000000 
 17533 30676583000000000 
 17537 30730323000000000 
 17541 30607875000000000 
 17545 30646858000000000 
 17549 30660331000000000 
 17553 30656570000000000 
 17557 30646263000000000 
 17561 30633472000000000 
 17565 30622879000000000 
 17569 30617083000000000 
 17573 30615313000000000 
 17577 30625546000000000 
 17581 30638350000000000 
 17585 30648734000000000 
 17589 30666683000000000 
 17593 30691542000000000 
 17597 30729257000000000 
 17601 30716277000000000 
 17605 30731345000000000 
 17609 30764057000000000 
 17613 30808839000000000 
 17617 30860909000000000 
 17621 30909415000000000 
 17625 30947389000000000 
 17629 30973845000000000 
 17633 30988205000000000 
 17637 30992393000000000 
 17641 30984101000000000 
 17645 30958985000000000 
 17649 30912890000000000 
 17653 30843430000000000 
 17657 30746822000000000 
 17661 30616643000000000 
 17665 30599782000000000 
 17669 30554134000000000 
 17673 30501680000000000 
 17677 30459241000000000 
 17681 30425012000000000 
 17685 30408798000000000 
 17689 30432011000000000 
 17693 30493493000000000 
 17697 30581896000000000 
 17701 30685918000000000 
 17705 30798206000000000 
 17709 30806309000000000 
 17713 30838809000000000 
 17717 30887154000000000 
 17721 30941935000000000 
 17725 30984705000000000 
 17729 31001397000000000 
 17733 30987832000000000 
 17737 30946133000000000 
 17741 30878809000000000 
 17745 30790430000000000 
 17749 30685414000000000 
 17753 30668211000000000 
 17757 30624240000000000 
 17761 30588970000000000 
 17765 30572239000000000 
 17769 30575498000000000 
 17773 30597862000000000 
 17777 30639621000000000 
 17781 30709151000000000 
 17785 30747062000000000 
 17789 30825514000000000 
 17793 30921883000000000 
 17797 31013169000000000 
 17801 31089411000000000 
 17805 31147116000000000 
 17809 31178050000000000 
 17813 31179922000000000 
 17817 31152736000000000 
 17821 31094868000000000 
 17825 30999664000000000 
 17829 30859623000000000 
 17833 30648913000000000 
 17837 30570920000000000 
 17841 30464687000000000 
 17845 30327054000000000 
 17849 30161900000000000 
 17853 29985667000000000 
 17857 29836455000000000 
 17861 29742299000000000 
 17865 29714999000000000 
 17869 29757602000000000 
 17873 29865868000000000 
 17877 30044198000000000 
 17881 30273123000000000 
 17885 30514997000000000 
 17889 30728587000000000 
 17893 30860966000000000 
 17897 30984712000000000 
 17901 31091041000000000 
 17905 31162616000000000 
 17909 31211137000000000 
 17913 31255797000000000 
 17917 31264940000000000 
 17921 31225161000000000 
 17925 31166081000000000 
 17929 31074946000000000 
 17933 30966923000000000 
 17937 30844628000000000 
 17941 30723550000000000 
 17945 30613587000000000 
 17949 30632498000000000 
 17953 30651009000000000 
 17957 30687163000000000 
 17961 30748229000000000 
 17965 30736135000000000 
 17969 30763853000000000 
 17973 30836564000000000 
 17977 30923929000000000 
 17981 31009989000000000 
 17985 31081096000000000 
 17989 31133095000000000 
 17993 31162567000000000 
 17997 31171216000000000 
 18001 31156141000000000 
 18005 31113706000000000 
 18009 31039446000000000 
 18013 30922540000000000 
 18017 30757018000000000 
 18021 30552745000000000 
 18025 30474525000000000 
 18029 30364268000000000 
 18033 30246850000000000 
 18037 30146333000000000 
 18041 30084128000000000 
 18045 30074802000000000 
 18049 30119850000000000 
 18053 30210741000000000 
 18057 30343587000000000 
 18061 30513765000000000 
 18065 30705675000000000 
 18069 30844906000000000 
 18073 30994324000000000 
 18077 31122794000000000 
 18081 31227016000000000 
 18085 31315397000000000 
 18089 31407187000000000 
 18093 31496344000000000 
 18097 31572005000000000 
 18101 31612715000000000 
 18105 31578998000000000 
 18109 31470162000000000 
 18113 31285506000000000 
 18117 31009155000000000 
 18121 30660614000000000 
 18125 30481489000000000 
 18129 30325770000000000 
 18133 30193168000000000 
 18137 30118563000000000 
 18141 30095130000000000 
 18145 30135003000000000 
 18149 30255558000000000 
 18153 30454597000000000 
 18157 30693582000000000 
 18161 30909779000000000 
 18165 30983108000000000 
 18169 31047590000000000 
 18173 31114274000000000 
 18177 31176140000000000 
 18181 31201338000000000 
 18185 31171168000000000 
 18189 31083623000000000 
 18193 30946880000000000 
 18197 30756546000000000 
 18201 30500991000000000 
 18205 30363232000000000 
 18209 30195005000000000 
 18213 30039978000000000 
 18217 29945522000000000 
 18221 29935071000000000 
 18225 29994612000000000 
 18229 30105609000000000 
 18233 30279481000000000 
 18237 30492739000000000 
 18241 30730924000000000 
 18245 30915594000000000 
 18249 31101633000000000 
 18253 31247473000000000 
 18257 31355526000000000 
 18261 31447356000000000 
 18265 31512981000000000 
 18269 31553981000000000 
 18273 31568103000000000 
 18277 31534177000000000 
 18281 31438907000000000 
 18285 31275843000000000 
 18289 31031813000000000 
 18293 30744372000000000 
 18297 30413270000000000 
 18301 30277500000000000 
 18305 30151626000000000 
 18309 30056488000000000 
 18313 30004841000000000 
 18317 30000560000000000 
 18321 30040532000000000 
 18325 30134706000000000 
 18329 30278965000000000 
 18333 30454949000000000 
 18337 30638078000000000 
 18341 30799388000000000 
 18345 30846284000000000 
 18349 30906978000000000 
 18353 30960937000000000 
 18357 31001841000000000 
 18361 31017725000000000 
 18365 31008874000000000 
 18369 30972372000000000 
 18373 30908551000000000 
 18377 30828025000000000 
 18381 30737456000000000 
 18385 30641031000000000 
 18389 30604378000000000 
 18393 30550702000000000 
 18397 30504574000000000 
 18401 30468266000000000 
 18405 30453629000000000 
 18409 30456526000000000 
 18413 30481806000000000 
 18417 30526871000000000 
 18421 30590213000000000 
 18425 30671001000000000 
 18429 30764328000000000 
 18433 30810536000000000 
 18437 30870567000000000 
 18441 30928437000000000 
 18445 30971976000000000 
 18449 30998379000000000 
 18453 31003593000000000 
 18457 30984655000000000 
 18461 30938565000000000 
 18465 30861528000000000 
 18469 30744829000000000 
 18473 30575594000000000 
 18477 30516677000000000 
 18481 30429219000000000 
 18485 30312935000000000 
 18489 30184526000000000 
 18493 30085920000000000 
 18497 30017634000000000 
 18501 30001930000000000 
 18505 30041839000000000 
 18509 30132690000000000 
 18513 30271956000000000 
 18517 30446456000000000 
 18521 30645273000000000 
 18525 30854648000000000 
 18529 31006411000000000 
 18533 31156743000000000 
 18537 31284671000000000 
 18541 31388098000000000 
 18545 31472483000000000 
 18549 31544683000000000 
 18553 31596935000000000 
 18557 31579230000000000 
 18561 31498329000000000 
 18565 31366940000000000 
 18569 31166163000000000 
 18573 30900925000000000 
 18577 30598703000000000 
 18581 30502916000000000 
 18585 30452545000000000 
 18589 30444179000000000 
 18593 30476313000000000 
 18597 30551926000000000 
 18601 30679122000000000 
 18605 30854916000000000 
 18609 30944862000000000 
 18613 31049501000000000 
 18617 31145648000000000 
 18621 31230297000000000 
 18625 31296222000000000 
 18629 31330983000000000 
 18633 31325602000000000 
 18637 31272731000000000 
 18641 31173580000000000 
 18645 31020110000000000 
 18649 30788515000000000 
 18653 30494138000000000 
 18657 30350668000000000 
 18661 30183876000000000 
 18665 30059016000000000 
 18669 29994054000000000 
 18673 29996422000000000 
 18677 30063364000000000 
 18681 30196582000000000 
 18685 30371734000000000 
 18689 30572040000000000 
 18693 30763211000000000 
 18697 30878840000000000 
 18701 30983041000000000 
 18705 31059433000000000 
 18709 31108987000000000 
 18713 31150695000000000 
 18717 31152135000000000 
 18721 31126759000000000 
 18725 31088069000000000 
 18729 31027308000000000 
 18733 30947735000000000 
 18737 30854392000000000 
 18741 30745680000000000 
 18745 30630322000000000 
 18749 30613332000000000 
 18753 30596969000000000 
 18757 30598374000000000 
 18761 30616193000000000 
 18765 30645967000000000 
 18769 30679233000000000 
 18773 30710389000000000 
 18777 30650171000000000 
 18781 30694489000000000 
 18785 30630238000000000 
 18789 30676299000000000 
 18793 30687357000000000 
 18797 30679387000000000 
 18801 30662109000000000 
 18805 30642056000000000 
 18809 30622908000000000 
 18813 30609016000000000 
 18817 30606207000000000 
 18821 30612984000000000 
 18825 30627459000000000 
 18829 30649792000000000 
 18833 30675909000000000 
 18837 30699582000000000 
 18841 30673325000000000 
 18845 30716680000000000 
 18849 30697638000000000 
 18853 30687326000000000 
 18857 30720756000000000 
 18861 30700226000000000 
 18865 30676811000000000 
 18869 30691752000000000 
 18873 30693951000000000 
 18877 30687586000000000 
 18881 30684307000000000 
 18885 30693058000000000 
 18889 30707550000000000 
 18893 30689530000000000 
 18897 30751582000000000 
 18901 30757503000000000 
 18905 30782412000000000 
 18909 30814813000000000 
 18913 30845437000000000 
 18917 30867473000000000 
 18921 30879058000000000 
 18925 30874732000000000 
 18929 30850865000000000 
 18933 30802686000000000 
 18937 30729975000000000 
 18941 30631242000000000 
 18945 30642955000000000 
 18949 30612885000000000 
 18953 30577766000000000 
 18957 30548871000000000 
 18961 30534619000000000 
 18965 30538281000000000 
 18969 30559661000000000 
 18973 30596949000000000 
 18977 30646767000000000 
 18981 30702794000000000 
 18985 30701789000000000 
 18989 30727150000000000 
 18993 30766766000000000 
 18997 30802963000000000 
 19001 30828274000000000 
 19005 30835924000000000 
 19009 30828005000000000 
 19013 30803400000000000 
 19017 30762189000000000 
 19021 30707788000000000 
 19025 30649604000000000 
 19029 30663996000000000 
 19033 30654576000000000 
 19037 30646199000000000 
 19041 30648811000000000 
 19045 30664404000000000 
 19049 30693683000000000 
 19053 30733797000000000 
 19057 30734370000000000 
 19061 30757957000000000 
 19065 30787881000000000 
 19069 30812490000000000 
 19073 30821333000000000 
 19077 30809612000000000 
 19081 30777624000000000 
 19085 30724122000000000 
 19089 30646066000000000 
 19093 30640156000000000 
 19097 30594540000000000 
 19101 30546154000000000 
 19105 30512903000000000 
 19109 30504383000000000 
 19113 30527250000000000 
 19117 30580332000000000 
 19121 30657842000000000 
 19125 30753544000000000 
 19129 30785711000000000 
 19133 30841997000000000 
 19137 30903033000000000 
 19141 30958622000000000 
 19145 30995904000000000 
 19149 31004509000000000 
 19153 30980648000000000 
 19157 30917866000000000 
 19161 30829798000000000 
 19165 30718237000000000 
 19169 30578544000000000 
 19173 30540365000000000 
 19177 30491611000000000 
 19181 30468565000000000 
 19185 30477124000000000 
 19189 30517558000000000 
 19193 30589218000000000 
 19197 30693879000000000 
 19201 30832679000000000 
 19205 30956367000000000 
 19209 31089127000000000 
 19213 31199652000000000 
 19217 31276248000000000 
 19221 31334789000000000 
 19225 31360395000000000 
 19229 31335881000000000 
 19233 31257836000000000 
 19237 31126340000000000 
 19241 30913811000000000 
 19245 30616231000000000 
 19249 30417234000000000 
 19253 30172221000000000 
 19257 29899316000000000 
 19261 29651573000000000 
 19265 29481629000000000 
 19269 29414838000000000 
 19273 29431526000000000 
 19277 29534936000000000 
 19281 29742938000000000 
 19285 30034179000000000 
 19289 30364711000000000 
 19293 30687585000000000 
 19297 30957808000000000 
 19301 31140892000000000 
 19305 31279949000000000 
 19309 31370644000000000 
 19313 31421572000000000 
 19317 31423302000000000 
 19321 31372282000000000 
 19325 31272894000000000 
 19329 31136228000000000 
 19333 30969376000000000 
 19337 30784976000000000 
 19341 30592305000000000 
 19345 30591854000000000 
 19349 30604670000000000 
 19353 30644099000000000 
 19357 30704986000000000 
 19361 30714183000000000 
 19365 30785076000000000 
 19369 30895804000000000 
 19373 31023816000000000 
 19377 31149598000000000 
 19381 31251770000000000 
 19385 31327032000000000 
 19389 31374860000000000 
 19393 31384130000000000 
 19397 31363822000000000 
 19401 31317690000000000 
 19405 31247004000000000 
 19409 31151317000000000 
 19413 31025652000000000 
 19417 30882682000000000 
 19421 30705679000000000 
 19425 30506230000000000 
 19429 30476347000000000 
 19433 30450033000000000 
 19437 30431674000000000 
 19441 30430561000000000 
 19445 30448346000000000 
 19449 30484604000000000 
 19453 30539604000000000 
 19457 30606359000000000 
 19461 30678558000000000 
 19465 30761374000000000 
 19469 30777544000000000 
 19473 30822602000000000 
 19477 30875641000000000 
 19481 30933878000000000 
 19485 30994963000000000 
 19489 31049675000000000 
 19493 31092250000000000 
 19497 31123090000000000 
 19501 31132915000000000 
 19505 31124893000000000 
 19509 31099065000000000 
 19513 31051796000000000 
 19517 30985014000000000 
 19521 30903031000000000 
 19525 30807811000000000 
 19529 30691429000000000 
 19533 30646461000000000 
 19537 30585090000000000 
 19541 30532871000000000 
 19545 30514084000000000 
 19549 30523934000000000 
 19553 30570760000000000 
 19557 30651460000000000 
 19561 30778439000000000 
 19565 30873380000000000 
 19569 31021223000000000 
 19573 31172756000000000 
 19577 31297633000000000 
 19581 31390831000000000 
 19585 31464338000000000 
 19589 31524364000000000 
 19593 31547391000000000 
 19597 31509369000000000 
 19601 31404556000000000 
 19605 31246876000000000 
 19609 31007294000000000 
 19613 30629586000000000 
 19617 30335282000000000 
 19621 29926550000000000 
 19625 29520963000000000 
 19629 29244620000000000 
 19633 29155765000000000 
 19637 29212473000000000 
 19641 29342645000000000 
 19645 29549475000000000 
 19649 29867570000000000 
 19653 30288907000000000 
 19657 30703957000000000 
 19661 30947167000000000 
 19665 31173429000000000 
 19669 31400060000000000 
 19673 31619960000000000 
 19677 31806233000000000 
 19681 31901526000000000 
 19685 31874377000000000 
 19689 31737761000000000 
 19693 31519249000000000 
 19697 31169241000000000 
 19701 30597854000000000 
 19705 30127302000000000 
 19709 29653300000000000 
 19713 29341298000000000 
 19717 29214281000000000 
 19721 29248586000000000 
 19725 29352936000000000 
 19729 29511134000000000 
 19733 29778072000000000 
 19737 30145170000000000 
 19741 30523512000000000 
 19745 30839500000000000 
 19749 31021668000000000 
 19753 31206591000000000 
 19757 31381041000000000 
 19761 31496249000000000 
 19765 31548436000000000 
 19769 31511214000000000 
 19773 31415599000000000 
 19777 31262616000000000 
 19781 31048362000000000 
 19785 30738462000000000 
 19789 30363109000000000 
 19793 30176595000000000 
 19797 30025235000000000 
 19801 29958338000000000 
 19805 29972332000000000 
 19809 30041748000000000 
 19813 30158804000000000 
 19817 30326523000000000 
 19821 30528061000000000 
 19825 30743160000000000 
 19829 30879432000000000 
 19833 31001791000000000 
 19837 31091846000000000 
 19841 31154252000000000 
 19845 31187592000000000 
 19849 31200967000000000 
 19853 31196007000000000 
 19857 31150462000000000 
 19861 31074125000000000 
 19865 30972411000000000 
 19869 30849329000000000 
 19873 30692519000000000 
 19877 30612817000000000 
 19881 30521986000000000 
 19885 30426768000000000 
 19889 30353924000000000 
 19893 30300079000000000 
 19897 30275317000000000 
 19901 30275026000000000 
 19905 30295066000000000 
 19909 30335348000000000 
 19913 30394893000000000 
 19917 30471754000000000 
 19921 30562971000000000 
 19925 30665450000000000 
 19929 30775614000000000 
 19933 30821541000000000 
 19937 30882169000000000 
 19941 30945757000000000 
 19945 31004204000000000 
 19949 31048762000000000 
 19953 31076937000000000 
 19957 31074014000000000 
 19961 31040322000000000 
 19965 30979456000000000 
 19969 30893926000000000 
 19973 30783866000000000 
 19977 30643070000000000 
 19981 30558241000000000 
 19985 30447119000000000 
 19989 30337428000000000 
 19993 30260639000000000 
 19997 30241187000000000 
