  8001 169974920000000 
  8005 208604910000000 
  8009 363749520000000 
  8013 503310810000000 
  8017 632443600000000 
  8021 769928840000000 
  8025 917683490000000 
  8029 965925430000000 
  8033 1033450500000000 
  8037 1115318700000000 
  8041 1212195100000000 
  8045 1331193200000000 
  8049 1471760800000000 
  8053 1633403700000000 
  8057 1825164800000000 
  8061 2021707200000000 
  8065 2220889800000000 
  8069 2145303200000000 
  8073 2081262100000000 
  8077 2002047200000000 
  8081 2109325800000000 
  8085 1966030700000000 
  8089 2031163600000000 
  8093 2078079000000000 
  8097 1900370200000000 
  8101 1958007500000000 
  8105 2012830700000000 
  8109 2074408800000000 
  8113 1923105200000000 
  8117 2017425100000000 
  8121 2095483200000000 
  8125 1946059100000000 
  8129 2027957800000000 
  8133 2089971300000000 
  8137 1920688100000000 
  8141 1993739100000000 
  8145 2043254800000000 
  8149 1842413300000000 
  8153 1883846100000000 
  8157 1908628900000000 
  8161 1905688400000000 
  8165 1862374600000000 
  8169 1761263800000000 
  8173 1591555500000000 
  8177 1375550800000000 
  8181 1135854600000000 
  8185 931723640000000 
  8189 792919590000000 
  8193 773923220000000 
  8197 800309990000000 
  8201 873599850000000 
  8205 895802720000000 
  8209 978219720000000 
  8213 1124963400000000 
  8217 1348466900000000 
  8221 1630366500000000 
  8225 1957013900000000 
  8229 2371905700000000 
  8233 2598040500000000 
  8237 2896810900000000 
  8241 3261607700000000 
  8245 3643183800000000 
  8249 3964506300000000 
  8253 4136752800000000 
  8257 4075215600000000 
  8261 3698754000000000 
  8265 2959128100000000 
  8269 2132645400000000 
  8273 1456780200000000 
  8277 1100942700000000 
  8281 918686460000000 
  8285 832021220000000 
  8289 847383290000000 
  8293 821605930000000 
  8297 899305630000000 
  8301 905381360000000 
  8305 927549230000000 
  8309 958345140000000 
  8313 1000325500000000 
  8317 1052007800000000 
  8321 1116687300000000 
  8325 1200305300000000 
  8329 1301420500000000 
  8333 1418764500000000 
  8337 1524388900000000 
  8341 1588661400000000 
  8345 1592735100000000 
  8349 1498048400000000 
  8353 1315822200000000 
  8357 1110972600000000 
  8361 941606440000000 
  8365 843653610000000 
  8369 805120350000000 
  8373 873355410000000 
  8377 905428670000000 
  8381 992904440000000 
  8385 1151956400000000 
  8389 1378369800000000 
  8393 1658527900000000 
  8397 1971709500000000 
  8401 2342648000000000 
  8405 2481660800000000 
  8409 2694591500000000 
  8413 2956122600000000 
  8417 3254954500000000 
  8421 3556494000000000 
  8425 3775270600000000 
  8429 3824966200000000 
  8433 3642848100000000 
  8437 3143797400000000 
  8441 2442286500000000 
  8445 1752534000000000 
  8449 1333867500000000 
  8453 1034257400000000 
  8457 873397910000000 
  8461 774456750000000 
  8465 770460640000000 
  8469 804748510000000 
  8473 860641980000000 
  8477 841820160000000 
  8481 850305880000000 
  8485 876301160000000 
  8489 916149230000000 
  8493 969271940000000 
  8497 1038682900000000 
  8501 1127082400000000 
  8505 1229013700000000 
  8509 1339913200000000 
  8513 1458537400000000 
  8517 1581223400000000 
  8521 1692402200000000 
  8525 1784595700000000 
  8529 1848475900000000 
  8533 1877169100000000 
  8537 1878711500000000 
  8541 1859728700000000 
  8545 1833922500000000 
  8549 1817995700000000 
  8553 1827878000000000 
  8557 1863675200000000 
  8561 1935363000000000 
  8565 2057256300000000 
  8569 1976838600000000 
  8573 2205007200000000 
  8577 2186913700000000 
  8581 2184320000000000 
  8585 2189604900000000 
  8589 2198562200000000 
  8593 2211613100000000 
  8597 2227476300000000 
  8601 2240015100000000 
  8605 2231890300000000 
  8609 2177921400000000 
  8613 2070918400000000 
  8617 1880088800000000 
  8621 1792748700000000 
  8625 1570761100000000 
  8629 1256036800000000 
  8633 937164000000000 
  8637 687680460000000 
  8641 569910580000000 
  8645 532385260000000 
  8649 536095350000000 
  8653 564165410000000 
  8657 619968070000000 
  8661 716579710000000 
  8665 875819650000000 
  8669 966686470000000 
  8673 1090361100000000 
  8677 1252653400000000 
  8681 1472030200000000 
  8685 1733006300000000 
  8689 2114345900000000 
  8693 2324352800000000 
  8697 2602032700000000 
  8701 2881829000000000 
  8705 3068114300000000 
  8709 3054408600000000 
  8713 2769687100000000 
  8717 2250585700000000 
  8721 1700294800000000 
  8725 1385695100000000 
  8729 1155708300000000 
  8733 1058496100000000 
  8737 1023094100000000 
  8741 1027976500000000 
  8745 1056621200000000 
  8749 1113430900000000 
  8753 1193922100000000 
  8757 1272000000000000 
  8761 1340888900000000 
  8765 1401968000000000 
  8769 1464339800000000 
  8773 1552618400000000 
  8777 1672668400000000 
  8781 1825030900000000 
  8785 1987732600000000 
  8789 2112517500000000 
  8793 1820441800000000 
  8797 1759529800000000 
  8801 1569901700000000 
  8805 1314114600000000 
  8809 1064754300000000 
  8813 875381710000000 
  8817 764204800000000 
  8821 768229930000000 
  8825 817189960000000 
  8829 912538010000000 
  8833 958254960000000 
  8837 1062180800000000 
  8841 1231347900000000 
  8845 1461337300000000 
  8849 1717376100000000 
  8853 2022009500000000 
  8857 2409338900000000 
  8861 2583103100000000 
  8865 2787857700000000 
  8869 3015789300000000 
  8873 3228588600000000 
  8877 3383340300000000 
  8881 3438683500000000 
  8885 3355031400000000 
  8889 3095097600000000 
  8893 2710029500000000 
  8897 2263455800000000 
  8901 1831008200000000 
  8905 1644988400000000 
  8909 1459660500000000 
  8913 1347116700000000 
  8917 1290483600000000 
  8921 1270460300000000 
  8925 1265869000000000 
  8929 1272993600000000 
  8933 1284758800000000 
  8937 1300690300000000 
  8941 1318870900000000 
  8945 1333750300000000 
  8949 1347315200000000 
  8953 1366824000000000 
  8957 1391314900000000 
  8961 1414456100000000 
  8965 1437023300000000 
  8969 1461320300000000 
  8973 1488304600000000 
  8977 1512252800000000 
  8981 1533145000000000 
  8985 1551679600000000 
  8989 1568681600000000 
  8993 1582457700000000 
  8997 1597584800000000 
  9001 1617478400000000 
  9005 1645356100000000 
  9009 1686567600000000 
  9013 1751376000000000 
  9017 1863799000000000 
  9021 2016841600000000 
  9025 2234713600000000 
  9029 2257954400000000 
  9033 2321837800000000 
  9037 2417715200000000 
  9041 2524239400000000 
  9045 2647201700000000 
  9049 2787511000000000 
  9053 2915419700000000 
  9057 3021470700000000 
  9061 3105199300000000 
  9065 3144574800000000 
  9069 3091998900000000 
  9073 2883083300000000 
  9077 2510718700000000 
  9081 2001188800000000 
  9085 1664332400000000 
  9089 1248132900000000 
  9093 956596780000000 
  9097 759872720000000 
  9101 689431700000000 
  9105 676507730000000 
  9109 694899690000000 
  9113 741105230000000 
  9117 814076410000000 
  9121 926094910000000 
  9125 961140480000000 
  9129 1031366300000000 
  9133 1134621700000000 
  9137 1279668300000000 
  9141 1476182000000000 
  9145 1725576500000000 
  9149 2029310600000000 
  9153 2360262500000000 
  9157 2362461800000000 
  9161 2300346600000000 
  9165 2154466100000000 
  9169 1929851100000000 
  9173 1896477500000000 
  9177 1839791200000000 
  9181 1800864800000000 
  9185 1795444300000000 
  9189 1827601600000000 
  9193 1910092200000000 
  9197 2057449300000000 
  9201 2007163000000000 
  9205 2227455000000000 
  9209 2202102200000000 
  9213 2198521200000000 
  9217 2200392800000000 
  9221 2206431100000000 
  9225 2207697400000000 
  9229 2185614400000000 
  9233 2125329000000000 
  9237 2015207300000000 
  9241 2052440100000000 
  9245 1781099900000000 
  9249 1715532900000000 
  9253 1606815500000000 
  9257 1495879800000000 
  9261 1396356500000000 
  9265 1320550200000000 
  9269 1279131100000000 
  9273 1264750900000000 
  9277 1274817600000000 
  9281 1301336100000000 
  9285 1340343300000000 
  9289 1392973700000000 
  9293 1459254100000000 
  9297 1542998500000000 
  9301 1645001000000000 
  9305 1744308700000000 
  9309 1852323400000000 
  9313 1967661400000000 
  9317 2084165900000000 
  9321 1971203900000000 
  9325 2082787300000000 
  9329 1973131300000000 
  9333 2092584700000000 
  9337 2005964500000000 
  9341 2155043700000000 
  9345 2093472600000000 
  9349 2067909600000000 
  9353 2061805900000000 
  9357 2068681900000000 
  9361 2080479700000000 
  9365 2090685700000000 
  9369 2096911500000000 
  9373 2082534900000000 
  9377 2034328300000000 
  9381 2125975300000000 
  9385 1959344200000000 
  9389 1959091100000000 
  9393 1913270000000000 
  9397 1843046500000000 
  9401 1767739600000000 
  9405 1685992800000000 
  9409 1621989100000000 
  9413 1580199400000000 
  9417 1559800800000000 
  9421 1558742100000000 
  9425 1571722800000000 
  9429 1601132500000000 
  9433 1651602600000000 
  9437 1722861000000000 
  9441 1813041800000000 
  9445 1927936300000000 
  9449 2061979600000000 
  9453 1956206000000000 
  9457 2079776100000000 
  9461 1938712400000000 
  9465 2010690700000000 
  9469 2047652600000000 
  9473 1814964600000000 
  9477 1841963500000000 
  9481 1868737100000000 
  9485 1922470700000000 
  9489 2015305100000000 
  9493 2156827300000000 
  9497 2100017300000000 
  9501 2096896600000000 
  9505 2129819500000000 
  9509 2192309300000000 
  9513 2271107300000000 
  9517 2352209200000000 
  9521 2417918500000000 
  9525 2464884200000000 
  9529 2481810600000000 
  9533 2445611700000000 
  9537 2333490800000000 
  9541 2125703300000000 
  9545 1826315100000000 
  9549 1722528300000000 
  9553 1580645600000000 
  9557 1433800800000000 
  9561 1303709000000000 
  9565 1205850100000000 
  9569 1143544700000000 
  9573 1112429000000000 
  9577 1104500200000000 
  9581 1116370400000000 
  9585 1140498300000000 
  9589 1177279100000000 
  9593 1231710300000000 
  9597 1299747900000000 
  9601 1379430400000000 
  9605 1465232000000000 
  9609 1557563800000000 
  9613 1659200600000000 
  9617 1760841500000000 
  9621 1881139900000000 
  9625 2025536200000000 
  9629 2197980900000000 
  9633 2173426300000000 
  9637 2190209000000000 
  9641 2235038500000000 
  9645 2302634100000000 
  9649 2386777200000000 
  9653 2469224300000000 
  9657 2537567200000000 
  9661 2587742200000000 
  9665 2607104300000000 
  9669 2591122900000000 
  9673 2524281200000000 
  9677 2384791400000000 
  9681 2176466200000000 
  9685 1925696500000000 
  9689 1877376400000000 
  9693 1821185000000000 
  9697 1779792900000000 
  9701 1765745100000000 
  9705 1773295300000000 
  9709 1797259500000000 
  9713 1835679500000000 
  9717 1888925100000000 
  9721 1953461200000000 
  9725 2037625700000000 
  9729 2144625300000000 
  9733 2010768800000000 
  9737 2132164800000000 
  9741 1971016500000000 
  9745 2031104700000000 
  9749 2027306700000000 
  9753 1947744500000000 
  9757 1775413800000000 
  9761 1543585000000000 
  9765 1320863100000000 
  9769 1140132200000000 
  9773 1031631800000000 
  9777 988080440000000 
  9781 994786030000000 
  9785 1047424800000000 
  9789 1155726200000000 
  9793 1318701300000000 
  9797 1523985300000000 
  9801 1770166200000000 
  9805 2067286200000000 
  9809 2168232200000000 
  9813 2340604900000000 
  9817 2588843600000000 
  9821 2877623700000000 
  9825 3148461600000000 
  9829 3342337500000000 
  9833 3368034700000000 
  9837 3163353600000000 
  9841 2726123800000000 
  9845 2164192800000000 
  9849 1654886900000000 
  9853 1396419300000000 
  9857 1221376600000000 
  9861 1149327300000000 
  9865 1138074400000000 
  9869 1161436600000000 
  9873 1216289800000000 
  9877 1291515200000000 
  9881 1367660100000000 
  9885 1442774800000000 
  9889 1507247700000000 
  9893 1591469500000000 
  9897 1699175700000000 
  9901 1843477100000000 
  9905 2024178000000000 
  9909 2205590500000000 
  9913 2049337500000000 
  9917 1839401400000000 
  9921 1819516400000000 
  9925 1702914500000000 
  9929 1516018700000000 
  9933 1318990100000000 
  9937 1163608000000000 
  9941 1069432000000000 
  9945 1038514800000000 
  9949 1050371100000000 
  9953 1104458400000000 
  9957 1216259700000000 
  9961 1392226500000000 
  9965 1618043500000000 
  9969 1877186600000000 
  9973 2194909700000000 
  9977 2288106000000000 
  9981 2428060500000000 
  9985 2584456400000000 
  9989 2739051100000000 
  9993 2862231900000000 
  9997 2937111000000000 
 10001 2956098000000000 
 10005 2891459400000000 
 10009 2731432900000000 
 10013 2491074800000000 
 10017 2184362300000000 
 10021 1861704600000000 
 10025 1742611400000000 
 10029 1597810400000000 
 10033 1486639000000000 
 10037 1418314900000000 
 10041 1377650300000000 
 10045 1348069700000000 
 10049 1341527000000000 
 10053 1348064500000000 
 10057 1365632100000000 
 10061 1392117100000000 
 10065 1428814100000000 
 10069 1479667300000000 
 10073 1557593700000000 
 10077 1664443800000000 
 10081 1800228000000000 
 10085 1985913300000000 
 10089 2219230700000000 
 10093 2251198500000000 
 10097 2315239500000000 
 10101 2388469300000000 
 10105 2454301700000000 
 10109 2484873900000000 
 10113 2458549200000000 
 10117 2339225900000000 
 10121 2108206400000000 
 10125 1794208100000000 
 10129 1660765300000000 
 10133 1532820700000000 
 10137 1439506900000000 
 10141 1389149400000000 
 10145 1382049000000000 
 10149 1407846400000000 
 10153 1463748800000000 
 10157 1556990300000000 
 10161 1673635600000000 
 10165 1811784000000000 
 10169 1959468000000000 
 10173 2125803600000000 
 10177 2067264600000000 
 10181 2059780300000000 
 10185 2082110700000000 
 10189 2120909700000000 
 10193 2126786800000000 
 10197 2020047300000000 
 10201 1995668800000000 
 10205 1783866900000000 
 10209 1424857000000000 
 10213 1080345000000000 
 10217 827165120000000 
 10221 739849730000000 
 10225 719162440000000 
 10229 749585020000000 
 10233 819542540000000 
 10237 942522600000000 
 10241 1005970500000000 
 10245 1120420100000000 
 10249 1270497800000000 
 10253 1442559900000000 
 10257 1638500700000000 
 10261 1881498900000000 
 10265 2225936400000000 
 10269 2414294700000000 
 10273 2670535600000000 
 10277 2933250500000000 
 10281 3108714500000000 
 10285 3104550200000000 
 10289 2830774900000000 
 10293 2330040500000000 
 10297 1807419200000000 
 10301 1545273400000000 
 10305 1328806900000000 
 10309 1232608700000000 
 10313 1222049800000000 
 10317 1251517600000000 
 10321 1324666400000000 
 10325 1438600700000000 
 10329 1589135900000000 
 10333 1745378000000000 
 10337 1905241200000000 
 10341 2080277200000000 
 10345 2026634400000000 
 10349 2238146100000000 
 10353 2208521000000000 
 10357 2180265100000000 
 10361 2107866900000000 
 10365 1963363600000000 
 10369 1961835700000000 
 10373 1860821200000000 
 10377 1668477200000000 
 10381 1431431200000000 
 10385 1205390900000000 
 10389 1027170800000000 
 10393 927943200000000 
 10397 883445270000000 
 10401 880014440000000 
 10405 905423370000000 
 10409 973177940000000 
 10413 1092854600000000 
 10417 1258766100000000 
 10421 1473909900000000 
 10425 1711703200000000 
 10429 1992391800000000 
 10433 2338541100000000 
 10437 2461257400000000 
 10441 2606258600000000 
 10445 2737129800000000 
 10449 2850705500000000 
 10453 2943067200000000 
 10457 3008541200000000 
 10461 3045611000000000 
 10465 3060325300000000 
 10469 3050404200000000 
 10473 2999995800000000 
 10477 2904182800000000 
 10481 2776037400000000 
 10485 2630114700000000 
 10489 2464678800000000 
 10493 2260571500000000 
 10497 2043576800000000 
 10501 1822701300000000 
 10505 1774356900000000 
 10509 1705821500000000 
 10513 1650659000000000 
 10517 1619765500000000 
 10521 1618804800000000 
 10525 1633199600000000 
 10529 1663261200000000 
 10533 1706336500000000 
 10537 1758705300000000 
 10541 1828579400000000 
 10545 1939130500000000 
 10549 2090375800000000 
 10553 2031899300000000 
 10557 2210922500000000 
 10561 2132128000000000 
 10565 2026817800000000 
 10569 2103251700000000 
 10573 1847947300000000 
 10577 1794320300000000 
 10581 1676378700000000 
 10585 1537415000000000 
 10589 1422148100000000 
 10593 1356689000000000 
 10597 1338586800000000 
 10601 1362783800000000 
 10605 1427667900000000 
 10609 1552040800000000 
 10613 1736394100000000 
 10617 1971260300000000 
 10621 2252353800000000 
 10625 2301465900000000 
 10629 2400055100000000 
 10633 2549306700000000 
 10637 2749903400000000 
 10641 2941665700000000 
 10645 3080652100000000 
 10649 3105039500000000 
 10653 2929892400000000 
 10657 2539333500000000 
 10661 2009366000000000 
 10665 1715445700000000 
 10669 1411882600000000 
 10673 1224035300000000 
 10677 1146662700000000 
 10681 1125463800000000 
 10685 1147333900000000 
 10689 1211661200000000 
 10693 1303815100000000 
 10697 1416181800000000 
 10701 1533957700000000 
 10705 1673291900000000 
 10709 1837393000000000 
 10713 2046822100000000 
 10717 2054164000000000 
 10721 2072182000000000 
 10725 2067995100000000 
 10729 2007694900000000 
 10733 2081425800000000 
 10737 1803652800000000 
 10741 1717203500000000 
 10745 1590879000000000 
 10749 1483412200000000 
 10753 1413406100000000 
 10757 1390252500000000 
 10761 1410147600000000 
 10765 1466283000000000 
 10769 1583951500000000 
 10773 1763482800000000 
 10777 1996666300000000 
 10781 2289707300000000 
 10785 2356413400000000 
 10789 2452434900000000 
 10793 2567806600000000 
 10797 2679583600000000 
 10801 2753140600000000 
 10805 2771023500000000 
 10809 2700136000000000 
 10813 2531795700000000 
 10817 2270830100000000 
 10821 1946032600000000 
 10825 1853359100000000 
 10829 1762887500000000 
 10833 1699050400000000 
 10837 1668257600000000 
 10841 1664007600000000 
 10845 1685860900000000 
 10849 1727226500000000 
 10853 1788548700000000 
 10857 1868057700000000 
 10861 1972214200000000 
 10865 2102181400000000 
 10869 2006271800000000 
 10873 2148861500000000 
 10877 2039026800000000 
 10881 2142451000000000 
 10885 1984399000000000 
 10889 2044701500000000 
 10893 1851118500000000 
 10897 1889597200000000 
 10901 1926901900000000 
 10905 1993327500000000 
 10909 2090350400000000 
 10913 2011463400000000 
 10917 2215867200000000 
 10921 2225077100000000 
 10925 2278680700000000 
 10929 2364580800000000 
 10933 2461449700000000 
 10937 2567203500000000 
 10941 2668641500000000 
 10945 2746263900000000 
 10949 2781200700000000 
 10953 2755883600000000 
 10957 2641126400000000 
 10961 2439382800000000 
 10965 2145884500000000 
 10969 1824506800000000 
 10973 1732449000000000 
 10977 1656589600000000 
 10981 1614906500000000 
 10985 1596915400000000 
 10989 1609230300000000 
 10993 1643770400000000 
 10997 1697041000000000 
 11001 1763753900000000 
 11005 1840555500000000 
 11009 1946420500000000 
 11013 2080642400000000 
 11017 1991584800000000 
 11021 2124993500000000 
 11025 2002750800000000 
 11029 2080608800000000 
 11033 1873157200000000 
 11037 1883548500000000 
 11041 1865369300000000 
 11045 1835756500000000 
 11049 1811136900000000 
 11053 1807825700000000 
 11057 1832372800000000 
 11061 1897956300000000 
 11065 2013532200000000 
 11069 2191141900000000 
 11073 2164421300000000 
 11077 2188936500000000 
 11081 2244497100000000 
 11085 2326366700000000 
 11089 2414595000000000 
 11093 2497706800000000 
 11097 2551309600000000 
 11101 2569205400000000 
 11105 2546187000000000 
 11109 2482953500000000 
 11113 2385920500000000 
 11117 2281607100000000 
 11121 2169042200000000 
 11125 2083115600000000 
 11129 2027040400000000 
 11133 2187578300000000 
 11137 2163694800000000 
 11141 2160326500000000 
 11145 2165893700000000 
 11149 2173322100000000 
 11153 2174590300000000 
 11157 2161735100000000 
 11161 2112810900000000 
 11165 2001468100000000 
 11169 2016623500000000 
 11173 1954448200000000 
 11177 1833837700000000 
 11181 1656864200000000 
 11185 1466215100000000 
 11189 1297655900000000 
 11193 1186086200000000 
 11197 1132203700000000 
 11201 1123240400000000 
 11205 1150963100000000 
 11209 1211536000000000 
 11213 1305377700000000 
 11217 1443472100000000 
 11221 1620408800000000 
 11225 1847810800000000 
 11229 2144940600000000 
 11233 2251814400000000 
 11237 2390185200000000 
 11241 2518317900000000 
 11245 2587518700000000 
 11249 2554739000000000 
 11253 2392127200000000 
 11257 2104589000000000 
 11261 1767568800000000 
 11265 1667884100000000 
 11269 1612998400000000 
 11273 1612707300000000 
 11277 1669032700000000 
 11281 1774887900000000 
 11285 1949396100000000 
 11289 2193322200000000 
 11293 2192825100000000 
 11297 2203522400000000 
 11301 2214160900000000 
 11305 2245307400000000 
 11309 2302781300000000 
 11313 2380351200000000 
 11317 2454170800000000 
 11321 2476918900000000 
 11325 2386083100000000 
 11329 2141800100000000 
 11333 1729756900000000 
 11337 1438083600000000 
 11341 1144562000000000 
 11345 927784920000000 
 11349 784779230000000 
 11353 764255860000000 
 11357 795051400000000 
 11361 869102370000000 
 11365 892666290000000 
 11369 971947100000000 
 11373 1092946000000000 
 11377 1260908600000000 
 11381 1467394000000000 
 11385 1701334500000000 
 11389 1991482000000000 
 11393 2377479700000000 
 11397 2566440700000000 
 11401 2769837800000000 
 11405 2949966800000000 
 11409 3050421400000000 
 11413 3001280600000000 
 11417 2770408100000000 
 11421 2401450000000000 
 11425 1971596400000000 
 11429 1805858200000000 
 11433 1653965700000000 
 11437 1539727300000000 
 11441 1500162800000000 
 11445 1526259900000000 
 11449 1611157500000000 
 11453 1745862400000000 
 11457 1920165400000000 
 11461 2131588800000000 
 11465 2130008200000000 
 11469 2148102600000000 
 11473 2174148000000000 
 11477 2197799400000000 
 11481 2214872700000000 
 11485 2213468000000000 
 11489 2180625300000000 
 11493 2107619400000000 
 11497 1985956400000000 
 11501 2026310100000000 
 11505 2026957000000000 
 11509 2011554200000000 
 11513 1997617100000000 
 11517 1995956300000000 
 11521 2003320300000000 
 11525 2015720100000000 
 11529 2039960100000000 
 11533 2074673400000000 
 11537 1878471300000000 
 11541 1947719900000000 
 11545 2009582000000000 
 11549 2073702200000000 
 11553 1933156700000000 
 11557 2038567800000000 
 11561 2165574600000000 
 11565 2092137200000000 
 11569 2066761400000000 
 11573 2082114600000000 
 11577 2129903400000000 
 11581 2219519300000000 
 11585 2346542300000000 
 11589 2503535900000000 
 11593 2690457000000000 
 11597 2885229900000000 
 11601 3078374700000000 
 11605 3233936300000000 
 11609 3300009500000000 
 11613 3212094000000000 
 11617 2915587900000000 
 11621 2445144500000000 
 11625 1869492000000000 
 11629 1549911200000000 
 11633 1253702400000000 
 11637 1095530700000000 
 11641 1013177000000000 
 11645 986197420000000 
 11649 994283220000000 
 11653 1029408700000000 
 11657 1088621500000000 
 11661 1160579600000000 
 11665 1245815400000000 
 11669 1343226400000000 
 11673 1458110800000000 
 11677 1621231100000000 
 11681 1870668400000000 
 11685 2219672300000000 
 11689 2300477200000000 
 11693 2329375800000000 
 11697 2220290400000000 
 11701 1905759800000000 
 11705 1667005000000000 
 11709 1372382900000000 
 11713 1180512900000000 
 11717 1100807600000000 
 11721 1095615900000000 
 11725 1140864100000000 
 11729 1239491200000000 
 11733 1447750500000000 
 11737 1759427900000000 
 11741 2126638900000000 
 11745 2191550100000000 
 11749 2240826400000000 
 11753 2306668100000000 
 11757 2418260100000000 
 11761 2608377000000000 
 11765 2884931300000000 
 11769 3199157600000000 
 11773 3445331500000000 
 11777 3484180700000000 
 11781 3175369000000000 
 11785 2460214100000000 
 11789 1615467900000000 
 11793 1065563400000000 
 11797 744241480000000 
 11801 645495840000000 
 11805 629744220000000 
 11809 650969120000000 
 11813 703381050000000 
 11817 793277220000000 
 11821 936707120000000 
 11825 992517310000000 
 11829 1074448200000000 
 11833 1180334000000000 
 11837 1324979000000000 
 11841 1507023600000000 
 11845 1742129300000000 
 11849 2070230000000000 
 11853 2181517600000000 
 11857 2293863100000000 
 11861 2348273800000000 
 11865 2291187000000000 
 11869 2102573000000000 
 11873 1815484900000000 
 11877 1703356000000000 
 11881 1594182800000000 
 11885 1538799100000000 
 11889 1534867100000000 
 11893 1583998000000000 
 11897 1687764600000000 
 11901 1869383700000000 
 11905 2141978200000000 
 11909 2219274400000000 
 11913 2347502000000000 
 11917 2496732900000000 
 11921 2670514900000000 
 11925 2851942600000000 
 11929 3026941300000000 
 11933 3184344900000000 
 11937 3321661200000000 
 11941 3414520800000000 
 11945 3445264100000000 
 11949 3398718200000000 
 11953 3262016900000000 
 11957 3036057300000000 
 11961 2773360000000000 
 11965 2482568400000000 
 11969 2184129900000000 
 11973 1900700100000000 
 11977 1841344300000000 
 11981 1757345200000000 
 11985 1652122500000000 
 11989 1561589200000000 
 11993 1491386500000000 
 11997 1440205000000000 
 12001 1396467500000000 
 12005 1365952500000000 
 12009 1354384400000000 
 12013 1362270000000000 
 12017 1389679700000000 
 12021 1441249200000000 
 12025 1526827900000000 
 12029 1669849400000000 
 12033 1872524300000000 
 12037 2144139100000000 
 12041 2250220300000000 
 12045 2436174200000000 
 12049 2694672100000000 
 12053 3003403500000000 
 12057 3346209700000000 
 12061 3649735600000000 
 12065 3866783400000000 
 12069 3901241700000000 
 12073 3708970400000000 
 12077 3253986000000000 
 12081 2713130300000000 
 12085 2211794600000000 
 12089 1835703600000000 
 12093 1739899000000000 
 12097 1688524500000000 
 12101 1691508900000000 
 12105 1746491000000000 
 12109 1836544900000000 
 12113 1947191400000000 
 12117 2062572600000000 
 12121 1937245200000000 
 12125 2077099900000000 
 12129 2014757200000000 
 12133 2238452900000000 
 12137 2247432600000000 
 12141 2239304300000000 
 12145 2145288300000000 
 12149 1933136100000000 
 12153 1781385700000000 
 12157 1467091100000000 
 12161 1149947700000000 
 12165 925755990000000 
 12169 796453620000000 
 12173 811054920000000 
 12177 878385960000000 
 12181 910672030000000 
 12185 1009659000000000 
 12189 1194883700000000 
 12193 1450678900000000 
 12197 1753580900000000 
 12201 2088088900000000 
 12205 2219860800000000 
 12209 2438169300000000 
 12213 2758961700000000 
 12217 3151215600000000 
 12221 3573348800000000 
 12225 3932611400000000 
 12229 4104003800000000 
 12233 4020151800000000 
 12237 3626302300000000 
 12241 2924507500000000 
 12245 2195312600000000 
 12249 1644022600000000 
 12253 1399646800000000 
 12257 1253689100000000 
 12261 1206049500000000 
 12265 1225875800000000 
 12269 1285294600000000 
 12273 1372641600000000 
 12277 1476507500000000 
 12281 1585883100000000 
 12285 1721647100000000 
 12289 1878979600000000 
 12293 2070005000000000 
 12297 2049316000000000 
 12301 2031761900000000 
 12305 2202895900000000 
 12309 2089831600000000 
 12313 1931813100000000 
 12317 1951404200000000 
 12321 1931786400000000 
 12325 1898260400000000 
 12329 1874413400000000 
 12333 1875154000000000 
 12337 1915221600000000 
 12341 2007515500000000 
 12345 2162636100000000 
 12349 2128705600000000 
 12353 2156196300000000 
 12357 2232827600000000 
 12361 2353019500000000 
 12365 2493254700000000 
 12369 2635719100000000 
 12373 2770089000000000 
 12377 2878545800000000 
 12381 2942160600000000 
 12385 2963401800000000 
 12389 2947619200000000 
 12393 2904170800000000 
 12397 2842386500000000 
 12401 2775423500000000 
 12405 2717335200000000 
 12409 2668340700000000 
 12413 2632857900000000 
 12417 2613788000000000 
 12421 2602105000000000 
 12425 2589089500000000 
 12429 2562440700000000 
 12433 2524028300000000 
 12437 2451604200000000 
 12441 2329653500000000 
 12445 2127013200000000 
 12449 1856683500000000 
 12453 1726294900000000 
 12457 1530170500000000 
 12461 1335093800000000 
 12465 1171683400000000 
 12469 1064400300000000 
 12473 1006170400000000 
 12477 993823640000000 
 12481 1017093700000000 
 12485 1081366400000000 
 12489 1197595300000000 
 12493 1388089600000000 
 12497 1623060500000000 
 12501 1913617800000000 
 12505 2308978700000000 
 12509 2537992700000000 
 12513 2852684000000000 
 12517 3219717400000000 
 12521 3584085900000000 
 12525 3852562500000000 
 12529 3970301000000000 
 12533 3932351000000000 
 12537 3751557600000000 
 12541 3475843600000000 
 12545 3105049800000000 
 12549 2814942500000000 
 12553 2628798600000000 
 12557 2523737700000000 
 12561 2496483700000000 
 12565 2503851300000000 
 12569 2517892400000000 
 12573 2536207200000000 
 12577 2560453800000000 
 12581 2587636500000000 
 12585 2619261200000000 
 12589 2642221300000000 
 12593 2644920300000000 
 12597 2603575900000000 
 12601 2479031700000000 
 12605 2243550300000000 
 12609 1893167800000000 
 12613 1664202100000000 
 12617 1359680300000000 
 12621 1130178800000000 
 12625 1002897800000000 
 12629 940425110000000 
 12633 928137050000000 
 12637 953640280000000 
 12641 1022410300000000 
 12645 1140634700000000 
 12649 1320364700000000 
 12653 1543823600000000 
 12657 1801280100000000 
 12661 2116016600000000 
 12665 2233801800000000 
 12669 2385410900000000 
 12673 2536393700000000 
 12677 2660792600000000 
 12681 2739305900000000 
 12685 2769786900000000 
 12689 2763068700000000 
 12693 2730746300000000 
 12697 2692263900000000 
 12701 2668644000000000 
 12705 2668228800000000 
 12709 2689675500000000 
 12713 2739337200000000 
 12717 2797432200000000 
 12721 2870464300000000 
 12725 2970349100000000 
 12729 3069400300000000 
 12733 3145408200000000 
 12737 3191429900000000 
 12741 3183602000000000 
 12745 3096431600000000 
 12749 2883781300000000 
 12753 2584686200000000 
 12757 2200424200000000 
 12761 1806891500000000 
 12765 1647420600000000 
 12769 1501436800000000 
 12773 1431409600000000 
 12777 1420406500000000 
 12781 1443895200000000 
 12785 1500232200000000 
 12789 1581704400000000 
 12793 1692835900000000 
 12797 1844842800000000 
 12801 2047775300000000 
 12805 2068018200000000 
 12809 2119726100000000 
 12813 2182498000000000 
 12817 2227479700000000 
 12821 2227446100000000 
 12825 2129018400000000 
 12829 1934904400000000 
 12833 1878880500000000 
 12837 1774864200000000 
 12841 1688348000000000 
 12845 1647698300000000 
 12849 1655533200000000 
 12853 1718389900000000 
 12857 1861260400000000 
 12861 2115921300000000 
 12865 2180000500000000 
 12869 2272285800000000 
 12873 2389836500000000 
 12877 2533293800000000 
 12881 2707291500000000 
 12885 2938301000000000 
 12889 3209702000000000 
 12893 3498363500000000 
 12897 3724647800000000 
 12901 3762717400000000 
 12905 3512801900000000 
 12909 2891485400000000 
 12913 2070572200000000 
 12917 1323914600000000 
 12921 943602200000000 
 12925 760186410000000 
 12929 734416980000000 
 12933 763874700000000 
 12937 831126380000000 
 12941 943066610000000 
 12945 1000761200000000 
 12949 1099916800000000 
 12953 1241557900000000 
 12957 1420921200000000 
 12961 1636254100000000 
 12965 1914891500000000 
 12969 2313656500000000 
 12973 2546421300000000 
 12977 2826086900000000 
 12981 3096318400000000 
 12985 3267512100000000 
 12989 3266099900000000 
 12993 3058452800000000 
 12997 2707203400000000 
 13001 2337712300000000 
 13005 2032932900000000 
 13009 2019174600000000 
 13013 2071378200000000 
 13017 2006882300000000 
 13021 2210835400000000 
 13025 2244504800000000 
 13029 2310464200000000 
 13033 2394758300000000 
 13037 2499577300000000 
 13041 2599793200000000 
 13045 2693563500000000 
 13049 2777322500000000 
 13053 2840763900000000 
 13057 2862974400000000 
 13061 2824169000000000 
 13065 2718568900000000 
 13069 2530853600000000 
 13073 2264472300000000 
 13077 1983287200000000 
 13081 1916185500000000 
 13085 1823518800000000 
 13089 1717774100000000 
 13093 1642513000000000 
 13097 1607847600000000 
 13101 1607446300000000 
 13105 1626033600000000 
 13109 1660749700000000 
 13113 1712746600000000 
 13117 1770367500000000 
 13121 1833831200000000 
 13125 1919403200000000 
 13129 2024773700000000 
 13133 2160321200000000 
 13137 2108107900000000 
 13141 2111692900000000 
 13145 2164259100000000 
 13149 2264632500000000 
 13153 2421823300000000 
 13157 2623460100000000 
 13161 2887777300000000 
 13165 3213429100000000 
 13169 3608832900000000 
 13173 4075715600000000 
 13177 4604485200000000 
 13181 5157861800000000 
 13185 5665605100000000 
 13189 6065267400000000 
 13193 6292685100000000 
 13197 6308953200000000 
 13201 6097901200000000 
 13205 5709687000000000 
 13209 5183480800000000 
 13213 4572826000000000 
 13217 3900749500000000 
 13221 3319474900000000 
 13225 2685726200000000 
 13229 2227971400000000 
 13233 1932716300000000 
 13237 1933217000000000 
 13241 1944047100000000 
 13245 1987904100000000 
 13249 2078904500000000 
 13253 2041207300000000 
 13257 2282715900000000 
 13261 2344294400000000 
 13265 2419954700000000 
 13269 2429691200000000 
 13273 2322463500000000 
 13277 2024991300000000 
 13281 1758474200000000 
 13285 1348052500000000 
 13289 1023998700000000 
 13293 880162240000000 
 13297 839236170000000 
 13301 927623040000000 
 13305 986048620000000 
 13309 1115065300000000 
 13313 1347277500000000 
 13317 1683751200000000 
 13321 2064547200000000 
 13325 2168081800000000 
 13329 2310991600000000 
 13333 2523984900000000 
 13337 2847316600000000 
 13341 3320546600000000 
 13345 3951911100000000 
 13349 4640666800000000 
 13353 5245328900000000 
 13357 5583911000000000 
 13361 5448932800000000 
 13365 4807713900000000 
 13369 3723345900000000 
 13373 2449876100000000 
 13377 1559439400000000 
 13381 1196656800000000 
 13385 1047801900000000 
 13389 1011527800000000 
 13393 1029662600000000 
 13397 1088160500000000 
 13401 1179361300000000 
 13405 1277384100000000 
 13409 1371054500000000 
 13413 1464104800000000 
 13417 1586253600000000 
 13421 1768704500000000 
 13425 2040694600000000 
 13429 2405336400000000 
 13433 2483914700000000 
 13437 2515503400000000 
 13441 2415024400000000 
 13445 2156712300000000 
 13449 1785442800000000 
 13453 1605725500000000 
 13457 1454353200000000 
 13461 1376201400000000 
 13465 1356894700000000 
 13469 1393347700000000 
 13473 1483464300000000 
 13477 1650984900000000 
 13481 1903109100000000 
 13485 2251241200000000 
 13489 2401241300000000 
 13493 2607453800000000 
 13497 2835915500000000 
 13501 3085653200000000 
 13505 3348388300000000 
 13509 3614302800000000 
 13513 3868936400000000 
 13517 4114292000000000 
 13521 4315317400000000 
 13525 4465037400000000 
 13529 4564462100000000 
 13533 4606047100000000 
 13537 4597734000000000 
 13541 4544731300000000 
 13545 4455836000000000 
 13549 4336244400000000 
 13553 4174767800000000 
 13557 3945526300000000 
 13561 3687876900000000 
 13565 3236689200000000 
 13569 2742057500000000 
 13573 2276110100000000 
 13577 1896445100000000 
 13581 1812038100000000 
 13585 1747281000000000 
 13589 1719185700000000 
 13593 1745754200000000 
 13597 1817072800000000 
 13601 1950252100000000 
 13605 2148729100000000 
 13609 2185292100000000 
 13613 2268625400000000 
 13617 2414696900000000 
 13621 2629605600000000 
 13625 2906112000000000 
 13629 3233682800000000 
 13633 3568505800000000 
 13637 3822490700000000 
 13641 3945896600000000 
 13645 3880152600000000 
 13649 3591870800000000 
 13653 3043625700000000 
 13657 2463828000000000 
 13661 1975998800000000 
 13665 1832578200000000 
 13669 1749290700000000 
 13673 1728225100000000 
 13677 1775828300000000 
 13681 1900883200000000 
 13685 2083046100000000 
 13689 2017792100000000 
 13693 2208917900000000 
 13697 2162067700000000 
 13701 2150227400000000 
 13705 2180447200000000 
 13709 2267374000000000 
 13713 2396705500000000 
 13717 2516732600000000 
 13721 2553905600000000 
 13725 2436714400000000 
 13729 2105816600000000 
 13733 1606645500000000 
 13737 1222074600000000 
 13741 971192270000000 
 13745 844789380000000 
 13749 790988330000000 
 13753 848170420000000 
 13757 878623460000000 
 13761 962471370000000 
 13765 1131253200000000 
 13769 1365036400000000 
 13773 1648503700000000 
 13777 1962595100000000 
 13781 2344835900000000 
 13785 2558815300000000 
 13789 2890194900000000 
 13793 3352435900000000 
 13797 3910720500000000 
 13801 4517682900000000 
 13805 5077170100000000 
 13809 5487717500000000 
 13813 5648145400000000 
 13817 5501395500000000 
 13821 5101585900000000 
 13825 4521300600000000 
 13829 3872434300000000 
 13833 3359373100000000 
 13837 2814092800000000 
 13841 2455313100000000 
 13845 2266169900000000 
 13849 2167263900000000 
 13853 2124129400000000 
 13857 2104220500000000 
 13861 2105856900000000 
 13865 2131489000000000 
 13869 2170214300000000 
 13873 2212610600000000 
 13877 2252673600000000 
 13881 2283006000000000 
 13885 2265665000000000 
 13889 2187678600000000 
 13893 2018749900000000 
 13897 1955999200000000 
 13901 1828355000000000 
 13905 1668919300000000 
 13909 1526873500000000 
 13913 1463684500000000 
 13917 1465068800000000 
 13921 1512982200000000 
 13925 1624984000000000 
 13929 1796638500000000 
 13933 2038996100000000 
 13937 2356750700000000 
 13941 2491816500000000 
 13945 2672883300000000 
 13949 2870668300000000 
 13953 3072322100000000 
 13957 3264999200000000 
 13961 3445258800000000 
 13965 3603472100000000 
 13969 3733962500000000 
 13973 3845943100000000 
 13977 3983250900000000 
 13981 4134342300000000 
 13985 4314253100000000 
 13989 4538192800000000 
 13993 4808683500000000 
 13997 5117144100000000 
 14001 5454157100000000 
 14005 5805749300000000 
 14009 6166470200000000 
 14013 6556963200000000 
 14017 6959331600000000 
 14021 7214536500000000 
 14025 7389730800000000 
 14029 7366875800000000 
 14033 7224613900000000 
 14037 7004776600000000 
 14041 6728481100000000 
 14045 6647112700000000 
 14049 6622564500000000 
 14053 6671563900000000 
 14057 6809281100000000 
 14061 7050566500000000 
 14065 7276063100000000 
 14069 7600154900000000 
 14073 8034206800000000 
 14077 8592578700000000 
 14081 9275136000000000 
 14085 9857755400000000 
 14089 10443456000000000 
 14093 10954146000000000 
 14097 11361944000000000 
 14101 11629235000000000 
 14105 11767666000000000 
 14109 11806551000000000 
 14113 11787905000000000 
 14117 11784293000000000 
 14121 11844127000000000 
 14125 12008173000000000 
 14129 12326349000000000 
 14133 12902743000000000 
 14137 13646192000000000 
 14141 14817831000000000 
 14145 15960565000000000 
 14149 23543390000000000 
 14153 23543390000000000 
 14157 23543390000000000 
 14161 23543390000000000 
 14165 23543390000000000 
 14169 23543390000000000 
 14173 23543390000000000 
 14177 23543390000000000 
 14181 23543390000000000 
 14185 23543390000000000 
 14189 23543390000000000 
 14193 23543390000000000 
 14197 23543390000000000 
 14201 23543390000000000 
 14205 23543390000000000 
 14209 23543390000000000 
 14213 23543390000000000 
 14217 23543390000000000 
 14221 23543390000000000 
 14225 23543390000000000 
 14229 23543390000000000 
 14233 23543390000000000 
 14237 23543390000000000 
 14241 23543390000000000 
 14245 23543390000000000 
 14249 23543390000000000 
 14253 23543390000000000 
 14257 23543390000000000 
 14261 23543390000000000 
 14265 23543390000000000 
 14269 23543390000000000 
 14273 23543390000000000 
 14277 23543390000000000 
 14281 23543390000000000 
 14285 23543390000000000 
 14289 23543390000000000 
 14293 23543390000000000 
 14297 23543390000000000 
 14301 23543390000000000 
 14305 23543390000000000 
 14309 23543390000000000 
 14313 23543390000000000 
 14317 23543390000000000 
 14321 23543390000000000 
 14325 23543390000000000 
 14329 23543390000000000 
 14333 23543390000000000 
 14337 23543390000000000 
 14341 23543390000000000 
 14345 23543390000000000 
 14349 23543390000000000 
 14353 23543390000000000 
 14357 23543390000000000 
 14361 23543390000000000 
 14365 23543390000000000 
 14369 23543390000000000 
 14373 23543390000000000 
 14377 23543390000000000 
 14381 23543390000000000 
 14385 23543390000000000 
 14389 23543390000000000 
 14393 23543390000000000 
 14397 23543390000000000 
 14401 23543390000000000 
 14405 23543390000000000 
 14409 23543390000000000 
 14413 23543390000000000 
 14417 23543390000000000 
 14421 23543390000000000 
 14425 23543390000000000 
 14429 23543390000000000 
 14433 23543390000000000 
 14437 23543390000000000 
 14441 23543390000000000 
 14445 23543390000000000 
 14449 23543390000000000 
 14453 23543390000000000 
 14457 23543390000000000 
 14461 23543390000000000 
 14465 23543390000000000 
 14469 23543390000000000 
 14473 23543390000000000 
 14477 23543390000000000 
 14481 23543390000000000 
 14485 23543390000000000 
 14489 23543390000000000 
 14493 23543390000000000 
 14497 23543390000000000 
 14501 23543390000000000 
 14505 23543390000000000 
 14509 23543390000000000 
 14513 23543390000000000 
 14517 23543390000000000 
 14521 23543390000000000 
 14525 23543390000000000 
 14529 23543390000000000 
 14533 23543390000000000 
 14537 23543390000000000 
 14541 23543390000000000 
 14545 23543390000000000 
 14549 23543390000000000 
 14553 23543390000000000 
 14557 23543390000000000 
 14561 23543390000000000 
 14565 23543390000000000 
 14569 23543390000000000 
 14573 23543390000000000 
 14577 23543390000000000 
 14581 23543390000000000 
 14585 23543390000000000 
 14589 23543390000000000 
 14593 23543390000000000 
 14597 23543390000000000 
 14601 23543390000000000 
 14605 23543390000000000 
 14609 23543390000000000 
 14613 23543390000000000 
 14617 23543390000000000 
 14621 23543390000000000 
 14625 23543390000000000 
 14629 23543390000000000 
 14633 23543390000000000 
 14637 23543390000000000 
 14641 23543390000000000 
 14645 23543390000000000 
 14649 23543390000000000 
 14653 23543390000000000 
 14657 23543390000000000 
 14661 23543390000000000 
 14665 23543390000000000 
 14669 23543390000000000 
 14673 23543390000000000 
 14677 23543390000000000 
 14681 23543390000000000 
 14685 23543390000000000 
 14689 23543390000000000 
 14693 23543390000000000 
 14697 23543390000000000 
 14701 23543390000000000 
 14705 23543390000000000 
 14709 23543390000000000 
 14713 23543390000000000 
 14717 23543390000000000 
 14721 23543390000000000 
 14725 23543390000000000 
 14729 23543390000000000 
 14733 23543390000000000 
 14737 23543390000000000 
 14741 23543390000000000 
 14745 23543390000000000 
 14749 23543390000000000 
 14753 23543390000000000 
 14757 23543390000000000 
 14761 23543390000000000 
 14765 23543390000000000 
 14769 23543390000000000 
 14773 23543390000000000 
 14777 23543390000000000 
 14781 23543390000000000 
 14785 23543390000000000 
 14789 23543390000000000 
 14793 23543390000000000 
 14797 23543390000000000 
 14801 23543390000000000 
 14805 23543390000000000 
 14809 23543390000000000 
 14813 23543390000000000 
 14817 23543390000000000 
 14821 23543390000000000 
 14825 23543390000000000 
 14829 23543390000000000 
 14833 23543390000000000 
 14837 23543390000000000 
 14841 23543390000000000 
 14845 23543390000000000 
 14849 23543390000000000 
 14853 23543390000000000 
 14857 23543390000000000 
 14861 23543390000000000 
 14865 23543390000000000 
 14869 23543390000000000 
 14873 23543390000000000 
 14877 23543390000000000 
 14881 23543390000000000 
 14885 23543390000000000 
 14889 23543390000000000 
 14893 23543390000000000 
 14897 23543390000000000 
 14901 23543390000000000 
 14905 23543390000000000 
 14909 23543390000000000 
 14913 23543390000000000 
 14917 23543390000000000 
 14921 23543390000000000 
 14925 23543390000000000 
 14929 23543390000000000 
 14933 23543390000000000 
 14937 23543390000000000 
 14941 23543390000000000 
 14945 23543390000000000 
 14949 23543390000000000 
 14953 23543390000000000 
 14957 23543390000000000 
 14961 23543390000000000 
 14965 23543390000000000 
 14969 23543390000000000 
 14973 23543390000000000 
 14977 23543390000000000 
 14981 23543390000000000 
 14985 23543390000000000 
 14989 23543390000000000 
 14993 23543390000000000 
 14997 23543390000000000 
 15001 23543390000000000 
 15005 23543390000000000 
 15009 23543390000000000 
 15013 23543390000000000 
 15017 23543390000000000 
 15021 23543390000000000 
 15025 23543390000000000 
 15029 23543390000000000 
 15033 23543390000000000 
 15037 23543390000000000 
 15041 23543390000000000 
 15045 23543390000000000 
 15049 23543390000000000 
 15053 23543390000000000 
 15057 23543390000000000 
 15061 23543390000000000 
 15065 23543390000000000 
 15069 23543390000000000 
 15073 23543390000000000 
 15077 23543390000000000 
 15081 23543390000000000 
 15085 23543390000000000 
 15089 23543390000000000 
 15093 23543390000000000 
 15097 23543390000000000 
 15101 23543390000000000 
 15105 23543390000000000 
 15109 23543390000000000 
 15113 23543390000000000 
 15117 23543390000000000 
 15121 23543390000000000 
 15125 23543390000000000 
 15129 23543390000000000 
 15133 23543390000000000 
 15137 23543390000000000 
 15141 23543390000000000 
 15145 23543390000000000 
 15149 23543390000000000 
 15153 23543390000000000 
 15157 23543390000000000 
 15161 23543390000000000 
 15165 23543390000000000 
 15169 23543390000000000 
 15173 23543390000000000 
 15177 23543390000000000 
 15181 23543390000000000 
 15185 23543390000000000 
 15189 23543390000000000 
 15193 23543390000000000 
 15197 23543390000000000 
 15201 23543390000000000 
 15205 23543390000000000 
 15209 23543390000000000 
 15213 23543390000000000 
 15217 23543390000000000 
 15221 23543390000000000 
 15225 23543390000000000 
 15229 23543390000000000 
 15233 23543390000000000 
 15237 23543390000000000 
 15241 23543390000000000 
 15245 23543390000000000 
 15249 23543390000000000 
 15253 23543390000000000 
 15257 23543390000000000 
 15261 23543390000000000 
 15265 23543390000000000 
 15269 23543390000000000 
 15273 23543390000000000 
 15277 23543390000000000 
 15281 23543390000000000 
 15285 23543390000000000 
 15289 23543390000000000 
 15293 23543390000000000 
 15297 23543390000000000 
 15301 23543390000000000 
 15305 23543390000000000 
 15309 23543390000000000 
 15313 23543390000000000 
 15317 23543390000000000 
 15321 23543390000000000 
 15325 23543390000000000 
 15329 23543390000000000 
 15333 23543390000000000 
 15337 23543390000000000 
 15341 23543390000000000 
 15345 23543390000000000 
 15349 23543390000000000 
 15353 23543390000000000 
 15357 23543390000000000 
 15361 23543390000000000 
 15365 23543390000000000 
 15369 23543390000000000 
 15373 23543390000000000 
 15377 23543390000000000 
 15381 23543390000000000 
 15385 23543390000000000 
 15389 23543390000000000 
 15393 23543390000000000 
 15397 23543390000000000 
 15401 23543390000000000 
 15405 23543390000000000 
 15409 23543390000000000 
 15413 23543390000000000 
 15417 23543390000000000 
 15421 23543390000000000 
 15425 23543390000000000 
 15429 23543390000000000 
 15433 23543390000000000 
 15437 23543390000000000 
 15441 23543390000000000 
 15445 23543390000000000 
 15449 23543390000000000 
 15453 23543390000000000 
 15457 23543390000000000 
 15461 23543390000000000 
 15465 23543390000000000 
 15469 23543390000000000 
 15473 23543390000000000 
 15477 23543390000000000 
 15481 23543390000000000 
 15485 23543390000000000 
 15489 23543390000000000 
 15493 23543390000000000 
 15497 23543390000000000 
 15501 23543390000000000 
 15505 23543390000000000 
 15509 23543390000000000 
 15513 23543390000000000 
 15517 23543390000000000 
 15521 23543390000000000 
 15525 23543390000000000 
 15529 23543390000000000 
 15533 23543390000000000 
 15537 23543390000000000 
 15541 23543390000000000 
 15545 23543390000000000 
 15549 23543390000000000 
 15553 23543390000000000 
 15557 23543390000000000 
 15561 23543390000000000 
 15565 23543390000000000 
 15569 23543390000000000 
 15573 23543390000000000 
 15577 23543390000000000 
 15581 23543390000000000 
 15585 23543390000000000 
 15589 23543390000000000 
 15593 23543390000000000 
 15597 23543390000000000 
 15601 23543390000000000 
 15605 23543390000000000 
 15609 23543390000000000 
 15613 23543390000000000 
 15617 23543390000000000 
 15621 23543390000000000 
 15625 23543390000000000 
 15629 23543390000000000 
 15633 23543390000000000 
 15637 23543390000000000 
 15641 23543390000000000 
 15645 23543390000000000 
 15649 23543390000000000 
 15653 23543390000000000 
 15657 23543390000000000 
 15661 23543390000000000 
 15665 23543390000000000 
 15669 23543390000000000 
 15673 23543390000000000 
 15677 23543390000000000 
 15681 23543390000000000 
 15685 23543390000000000 
 15689 23543390000000000 
 15693 23543390000000000 
 15697 23543390000000000 
 15701 23543390000000000 
 15705 23543390000000000 
 15709 23543390000000000 
 15713 23543390000000000 
 15717 23543390000000000 
 15721 23543390000000000 
 15725 23543390000000000 
 15729 23543390000000000 
 15733 23543390000000000 
 15737 23543390000000000 
 15741 23543390000000000 
 15745 23543390000000000 
 15749 23543390000000000 
 15753 23543390000000000 
 15757 23543390000000000 
 15761 23543390000000000 
 15765 23543390000000000 
 15769 23543390000000000 
 15773 23543390000000000 
 15777 23543390000000000 
 15781 23543390000000000 
 15785 23543390000000000 
 15789 23543390000000000 
 15793 23543390000000000 
 15797 23543390000000000 
 15801 23543390000000000 
 15805 23543390000000000 
 15809 23543390000000000 
 15813 23543390000000000 
 15817 23543390000000000 
 15821 23543390000000000 
 15825 23543390000000000 
 15829 23543390000000000 
 15833 23543390000000000 
 15837 23543390000000000 
 15841 23543390000000000 
 15845 23543390000000000 
 15849 23543390000000000 
 15853 23543390000000000 
 15857 23543390000000000 
 15861 23543390000000000 
 15865 23543390000000000 
 15869 23543390000000000 
 15873 23543390000000000 
 15877 23543390000000000 
 15881 23543390000000000 
 15885 23543390000000000 
 15889 23543390000000000 
 15893 23543390000000000 
 15897 23543390000000000 
 15901 23543390000000000 
 15905 23543390000000000 
 15909 23543390000000000 
 15913 23543390000000000 
 15917 23543390000000000 
 15921 23543390000000000 
 15925 23543390000000000 
 15929 23543390000000000 
 15933 23543390000000000 
 15937 23543390000000000 
 15941 23543390000000000 
 15945 23543390000000000 
 15949 23543390000000000 
 15953 23543390000000000 
 15957 23543390000000000 
 15961 23543390000000000 
 15965 23543390000000000 
 15969 23543390000000000 
 15973 23543390000000000 
 15977 23543390000000000 
 15981 23543390000000000 
 15985 23543390000000000 
 15989 23543390000000000 
 15993 23543390000000000 
 15997 23543390000000000 
 16001 23543390000000000 
 16005 23543390000000000 
 16009 23543390000000000 
 16013 23543390000000000 
 16017 23543390000000000 
 16021 23543390000000000 
 16025 23543390000000000 
 16029 23543390000000000 
 16033 23543390000000000 
 16037 23543390000000000 
 16041 23543390000000000 
 16045 23543390000000000 
 16049 23543390000000000 
 16053 23543390000000000 
 16057 23543390000000000 
 16061 23543390000000000 
 16065 23543390000000000 
 16069 23543390000000000 
 16073 23543390000000000 
 16077 23543390000000000 
 16081 23543390000000000 
 16085 23543390000000000 
 16089 23543390000000000 
 16093 23543390000000000 
 16097 23543390000000000 
 16101 23543390000000000 
 16105 23543390000000000 
 16109 23543390000000000 
 16113 23543390000000000 
 16117 23543390000000000 
 16121 23543390000000000 
 16125 23543390000000000 
 16129 23543390000000000 
 16133 23543390000000000 
 16137 23543390000000000 
 16141 23543390000000000 
 16145 23543390000000000 
 16149 23543390000000000 
 16153 23543390000000000 
 16157 23543390000000000 
 16161 23543390000000000 
 16165 23543390000000000 
 16169 23543390000000000 
 16173 23543390000000000 
 16177 23543390000000000 
 16181 23543390000000000 
 16185 23543390000000000 
 16189 23543390000000000 
 16193 23543390000000000 
 16197 23543390000000000 
 16201 23543390000000000 
 16205 23543390000000000 
 16209 23543390000000000 
 16213 23543390000000000 
 16217 23543390000000000 
 16221 23543390000000000 
 16225 23543390000000000 
 16229 23543390000000000 
 16233 23543390000000000 
 16237 23543390000000000 
 16241 23543390000000000 
 16245 23543390000000000 
 16249 23543390000000000 
 16253 23543390000000000 
 16257 23543390000000000 
 16261 23543390000000000 
 16265 23543390000000000 
 16269 23543390000000000 
 16273 23543390000000000 
 16277 23543390000000000 
 16281 23543390000000000 
 16285 23543390000000000 
 16289 23543390000000000 
 16293 23543390000000000 
 16297 23543390000000000 
 16301 23543390000000000 
 16305 23543390000000000 
 16309 23543390000000000 
 16313 23543390000000000 
 16317 23543390000000000 
 16321 23543390000000000 
 16325 23543390000000000 
 16329 23543390000000000 
 16333 23543390000000000 
 16337 23543390000000000 
 16341 23543390000000000 
 16345 23543390000000000 
 16349 23543390000000000 
 16353 23543390000000000 
 16357 23543390000000000 
 16361 23543390000000000 
 16365 23543390000000000 
 16369 23543390000000000 
 16373 23543390000000000 
 16377 23543390000000000 
 16381 23543390000000000 
 16385 23543390000000000 
 16389 23543390000000000 
 16393 23543390000000000 
 16397 23543390000000000 
 16401 23543390000000000 
 16405 23543390000000000 
 16409 23543390000000000 
 16413 23543390000000000 
 16417 23543390000000000 
 16421 23543390000000000 
 16425 23543390000000000 
 16429 23543390000000000 
 16433 23543390000000000 
 16437 23543390000000000 
 16441 23543390000000000 
 16445 23543390000000000 
 16449 23543390000000000 
 16453 23543390000000000 
 16457 23543390000000000 
 16461 23543390000000000 
 16465 23543390000000000 
 16469 23543390000000000 
 16473 23543390000000000 
 16477 23543390000000000 
 16481 23543390000000000 
 16485 23543390000000000 
 16489 23543390000000000 
 16493 23543390000000000 
 16497 23543390000000000 
 16501 23543390000000000 
 16505 23543390000000000 
 16509 23543390000000000 
 16513 23543390000000000 
 16517 23543390000000000 
 16521 23543390000000000 
 16525 23543390000000000 
 16529 23543390000000000 
 16533 23543390000000000 
 16537 23543390000000000 
 16541 23543390000000000 
 16545 23543390000000000 
 16549 23543390000000000 
 16553 23543390000000000 
 16557 23543390000000000 
 16561 23543390000000000 
 16565 23543390000000000 
 16569 23543390000000000 
 16573 23543390000000000 
 16577 23543390000000000 
 16581 23543390000000000 
 16585 23543390000000000 
 16589 23543390000000000 
 16593 23543390000000000 
 16597 23543390000000000 
 16601 23543390000000000 
 16605 23543390000000000 
 16609 23543390000000000 
 16613 23543390000000000 
 16617 23543390000000000 
 16621 23543390000000000 
 16625 23543390000000000 
 16629 23543390000000000 
 16633 23543390000000000 
 16637 23543390000000000 
 16641 23543390000000000 
 16645 23543390000000000 
 16649 23543390000000000 
 16653 23543390000000000 
 16657 23543390000000000 
 16661 23543390000000000 
 16665 23543390000000000 
 16669 23543390000000000 
 16673 23543390000000000 
 16677 23543390000000000 
 16681 23543390000000000 
 16685 23543390000000000 
 16689 23543390000000000 
 16693 23543390000000000 
 16697 23543390000000000 
 16701 23543390000000000 
 16705 23543390000000000 
 16709 23543390000000000 
 16713 23543390000000000 
 16717 23543390000000000 
 16721 23543390000000000 
 16725 23543390000000000 
 16729 23543390000000000 
 16733 23543390000000000 
 16737 23543390000000000 
 16741 23543390000000000 
 16745 23543390000000000 
 16749 23543390000000000 
 16753 23543390000000000 
 16757 23543390000000000 
 16761 23543390000000000 
 16765 23543390000000000 
 16769 23543390000000000 
 16773 23543390000000000 
 16777 23543390000000000 
 16781 23543390000000000 
 16785 23543390000000000 
 16789 23543390000000000 
 16793 23543390000000000 
 16797 23543390000000000 
 16801 23543390000000000 
 16805 23543390000000000 
 16809 23543390000000000 
 16813 23543390000000000 
 16817 23543390000000000 
 16821 23543390000000000 
 16825 23543390000000000 
 16829 23543390000000000 
 16833 23543390000000000 
 16837 23543390000000000 
 16841 23543390000000000 
 16845 23543390000000000 
 16849 23543390000000000 
 16853 23543390000000000 
 16857 23543390000000000 
 16861 23543390000000000 
 16865 23543390000000000 
 16869 23543390000000000 
 16873 23543390000000000 
 16877 23543390000000000 
 16881 23543390000000000 
 16885 23543390000000000 
 16889 23543390000000000 
 16893 23543390000000000 
 16897 23543390000000000 
 16901 23543390000000000 
 16905 23543390000000000 
 16909 23543390000000000 
 16913 23543390000000000 
 16917 23543390000000000 
 16921 23543390000000000 
 16925 23543390000000000 
 16929 23543390000000000 
 16933 23543390000000000 
 16937 23543390000000000 
 16941 23543390000000000 
 16945 23543390000000000 
 16949 23543390000000000 
 16953 23543390000000000 
 16957 23543390000000000 
 16961 23543390000000000 
 16965 23543390000000000 
 16969 23543390000000000 
 16973 23543390000000000 
 16977 23543390000000000 
 16981 23543390000000000 
 16985 23543390000000000 
 16989 23543390000000000 
 16993 23543390000000000 
 16997 23543390000000000 
 17001 23543390000000000 
 17005 23543390000000000 
 17009 23543390000000000 
 17013 23543390000000000 
 17017 23543390000000000 
 17021 23543390000000000 
 17025 23543390000000000 
 17029 23543390000000000 
 17033 23543390000000000 
 17037 23543390000000000 
 17041 23543390000000000 
 17045 23543390000000000 
 17049 23543390000000000 
 17053 23543390000000000 
 17057 23543390000000000 
 17061 23543390000000000 
 17065 23543390000000000 
 17069 23543390000000000 
 17073 23543390000000000 
 17077 23543390000000000 
 17081 23543390000000000 
 17085 23543390000000000 
 17089 23543390000000000 
 17093 23543390000000000 
 17097 23543390000000000 
 17101 23543390000000000 
 17105 23543390000000000 
 17109 23543390000000000 
 17113 23543390000000000 
 17117 23543390000000000 
 17121 23543390000000000 
 17125 23543390000000000 
 17129 23543390000000000 
 17133 23543390000000000 
 17137 23543390000000000 
 17141 23543390000000000 
 17145 23543390000000000 
 17149 23543390000000000 
 17153 23543390000000000 
 17157 23543390000000000 
 17161 23543390000000000 
 17165 23543390000000000 
 17169 23543390000000000 
 17173 23543390000000000 
 17177 23543390000000000 
 17181 23543390000000000 
 17185 23543390000000000 
 17189 23543390000000000 
 17193 23543390000000000 
 17197 23543390000000000 
 17201 23543390000000000 
 17205 23543390000000000 
 17209 23543390000000000 
 17213 23543390000000000 
 17217 23543390000000000 
 17221 23543390000000000 
 17225 23543390000000000 
 17229 23543390000000000 
 17233 23543390000000000 
 17237 23543390000000000 
 17241 23543390000000000 
 17245 23543390000000000 
 17249 23543390000000000 
 17253 23543390000000000 
 17257 23543390000000000 
 17261 23543390000000000 
 17265 23543390000000000 
 17269 23543390000000000 
 17273 23543390000000000 
 17277 23543390000000000 
 17281 23543390000000000 
 17285 23543390000000000 
 17289 23543390000000000 
 17293 23543390000000000 
 17297 23543390000000000 
 17301 23543390000000000 
 17305 23543390000000000 
 17309 23543390000000000 
 17313 23543390000000000 
 17317 23543390000000000 
 17321 23543390000000000 
 17325 23543390000000000 
 17329 23543390000000000 
 17333 23543390000000000 
 17337 23543390000000000 
 17341 23543390000000000 
 17345 23543390000000000 
 17349 23543390000000000 
 17353 23543390000000000 
 17357 23543390000000000 
 17361 23543390000000000 
 17365 23543390000000000 
 17369 23543390000000000 
 17373 23543390000000000 
 17377 23543390000000000 
 17381 23543390000000000 
 17385 23543390000000000 
 17389 23543390000000000 
 17393 23543390000000000 
 17397 23543390000000000 
 17401 23543390000000000 
 17405 23543390000000000 
 17409 23543390000000000 
 17413 23543390000000000 
 17417 23543390000000000 
 17421 23543390000000000 
 17425 23543390000000000 
 17429 23543390000000000 
 17433 23543390000000000 
 17437 23543390000000000 
 17441 23543390000000000 
 17445 23543390000000000 
 17449 23543390000000000 
 17453 23543390000000000 
 17457 23543390000000000 
 17461 23543390000000000 
 17465 23543390000000000 
 17469 23543390000000000 
 17473 23543390000000000 
 17477 23543390000000000 
 17481 23543390000000000 
 17485 23543390000000000 
 17489 23543390000000000 
 17493 23543390000000000 
 17497 23543390000000000 
 17501 23543390000000000 
 17505 23543390000000000 
 17509 23543390000000000 
 17513 23543390000000000 
 17517 23543390000000000 
 17521 23543390000000000 
 17525 23543390000000000 
 17529 23543390000000000 
 17533 23543390000000000 
 17537 23543390000000000 
 17541 23543390000000000 
 17545 23543390000000000 
 17549 23543390000000000 
 17553 23543390000000000 
 17557 23543390000000000 
 17561 23543390000000000 
 17565 23543390000000000 
 17569 23543390000000000 
 17573 23543390000000000 
 17577 23543390000000000 
 17581 23543390000000000 
 17585 23543390000000000 
 17589 23543390000000000 
 17593 23543390000000000 
 17597 23543390000000000 
 17601 23543390000000000 
 17605 23543390000000000 
 17609 23543390000000000 
 17613 23543390000000000 
 17617 23543390000000000 
 17621 23543390000000000 
 17625 23543390000000000 
 17629 23543390000000000 
 17633 23543390000000000 
 17637 23543390000000000 
 17641 23543390000000000 
 17645 23543390000000000 
 17649 23543390000000000 
 17653 23543390000000000 
 17657 23543390000000000 
 17661 23543390000000000 
 17665 23543390000000000 
 17669 23543390000000000 
 17673 23543390000000000 
 17677 23543390000000000 
 17681 23543390000000000 
 17685 23543390000000000 
 17689 23543390000000000 
 17693 23543390000000000 
 17697 23543390000000000 
 17701 23543390000000000 
 17705 23543390000000000 
 17709 23543390000000000 
 17713 23543390000000000 
 17717 23543390000000000 
 17721 23543390000000000 
 17725 23543390000000000 
 17729 23543390000000000 
 17733 23543390000000000 
 17737 23543390000000000 
 17741 23543390000000000 
 17745 23543390000000000 
 17749 23543390000000000 
 17753 23543390000000000 
 17757 23543390000000000 
 17761 23543390000000000 
 17765 23543390000000000 
 17769 23543390000000000 
 17773 23543390000000000 
 17777 23543390000000000 
 17781 23543390000000000 
 17785 23543390000000000 
 17789 23543390000000000 
 17793 23543390000000000 
 17797 23543390000000000 
 17801 23543390000000000 
 17805 23543390000000000 
 17809 23543390000000000 
 17813 23543390000000000 
 17817 23543390000000000 
 17821 23543390000000000 
 17825 23543390000000000 
 17829 23543390000000000 
 17833 23543390000000000 
 17837 23543390000000000 
 17841 23543390000000000 
 17845 23543390000000000 
 17849 23543390000000000 
 17853 23543390000000000 
 17857 23543390000000000 
 17861 23543390000000000 
 17865 23543390000000000 
 17869 23543390000000000 
 17873 23543390000000000 
 17877 23543390000000000 
 17881 23543390000000000 
 17885 23543390000000000 
 17889 23543390000000000 
 17893 23543390000000000 
 17897 23543390000000000 
 17901 23543390000000000 
 17905 23543390000000000 
 17909 23543390000000000 
 17913 23543390000000000 
 17917 23543390000000000 
 17921 23543390000000000 
 17925 23543390000000000 
 17929 23543390000000000 
 17933 23543390000000000 
 17937 23543390000000000 
 17941 23543390000000000 
 17945 23543390000000000 
 17949 23543390000000000 
 17953 23543390000000000 
 17957 23543390000000000 
 17961 23543390000000000 
 17965 23543390000000000 
 17969 23543390000000000 
 17973 23543390000000000 
 17977 23543390000000000 
 17981 23543390000000000 
 17985 23543390000000000 
 17989 23543390000000000 
 17993 23543390000000000 
 17997 23543390000000000 
 18001 23543390000000000 
 18005 23543390000000000 
 18009 23543390000000000 
 18013 23543390000000000 
 18017 23543390000000000 
 18021 23543390000000000 
 18025 23543390000000000 
 18029 23543390000000000 
 18033 23543390000000000 
 18037 23543390000000000 
 18041 23543390000000000 
 18045 23543390000000000 
 18049 23543390000000000 
 18053 23543390000000000 
 18057 23543390000000000 
 18061 23543390000000000 
 18065 23543390000000000 
 18069 23543390000000000 
 18073 23543390000000000 
 18077 23543390000000000 
 18081 23543390000000000 
 18085 23543390000000000 
 18089 23543390000000000 
 18093 23543390000000000 
 18097 23543390000000000 
 18101 23543390000000000 
 18105 23543390000000000 
 18109 23543390000000000 
 18113 23543390000000000 
 18117 23543390000000000 
 18121 23543390000000000 
 18125 23543390000000000 
 18129 23543390000000000 
 18133 23543390000000000 
 18137 23543390000000000 
 18141 23543390000000000 
 18145 23543390000000000 
 18149 23543390000000000 
 18153 23543390000000000 
 18157 23543390000000000 
 18161 23543390000000000 
 18165 23543390000000000 
 18169 23543390000000000 
 18173 23543390000000000 
 18177 23543390000000000 
 18181 23543390000000000 
 18185 23543390000000000 
 18189 23543390000000000 
 18193 23543390000000000 
 18197 23543390000000000 
 18201 23543390000000000 
 18205 23543390000000000 
 18209 23543390000000000 
 18213 23543390000000000 
 18217 23543390000000000 
 18221 23543390000000000 
 18225 23543390000000000 
 18229 23543390000000000 
 18233 23543390000000000 
 18237 23543390000000000 
 18241 23543390000000000 
 18245 23543390000000000 
 18249 23543390000000000 
 18253 23543390000000000 
 18257 23543390000000000 
 18261 23543390000000000 
 18265 23543390000000000 
 18269 23543390000000000 
 18273 23543390000000000 
 18277 23543390000000000 
 18281 23543390000000000 
 18285 23543390000000000 
 18289 23543390000000000 
 18293 23543390000000000 
 18297 23543390000000000 
 18301 23543390000000000 
 18305 23543390000000000 
 18309 23543390000000000 
 18313 23543390000000000 
 18317 23543390000000000 
 18321 23543390000000000 
 18325 23543390000000000 
 18329 23543390000000000 
 18333 23543390000000000 
 18337 23543390000000000 
 18341 23543390000000000 
 18345 23543390000000000 
 18349 23543390000000000 
 18353 23543390000000000 
 18357 23543390000000000 
 18361 23543390000000000 
 18365 23543390000000000 
 18369 23543390000000000 
 18373 23543390000000000 
 18377 23543390000000000 
 18381 23543390000000000 
 18385 23543390000000000 
 18389 23543390000000000 
 18393 23543390000000000 
 18397 23543390000000000 
 18401 23543390000000000 
 18405 23543390000000000 
 18409 23543390000000000 
 18413 23543390000000000 
 18417 23543390000000000 
 18421 23543390000000000 
 18425 23543390000000000 
 18429 23543390000000000 
 18433 23543390000000000 
 18437 23543390000000000 
 18441 23543390000000000 
 18445 23543390000000000 
 18449 23543390000000000 
 18453 23543390000000000 
 18457 23543390000000000 
 18461 23543390000000000 
 18465 23543390000000000 
 18469 23543390000000000 
 18473 23543390000000000 
 18477 23543390000000000 
 18481 23543390000000000 
 18485 23543390000000000 
 18489 23543390000000000 
 18493 23543390000000000 
 18497 23543390000000000 
 18501 23543390000000000 
 18505 23543390000000000 
 18509 23543390000000000 
 18513 23543390000000000 
 18517 23543390000000000 
 18521 23543390000000000 
 18525 23543390000000000 
 18529 23543390000000000 
 18533 23543390000000000 
 18537 23543390000000000 
 18541 23543390000000000 
 18545 23543390000000000 
 18549 23543390000000000 
 18553 23543390000000000 
 18557 23543390000000000 
 18561 23543390000000000 
 18565 23543390000000000 
 18569 23543390000000000 
 18573 23543390000000000 
 18577 23543390000000000 
 18581 23543390000000000 
 18585 23543390000000000 
 18589 23543390000000000 
 18593 23543390000000000 
 18597 23543390000000000 
 18601 23543390000000000 
 18605 23543390000000000 
 18609 23543390000000000 
 18613 23543390000000000 
 18617 23543390000000000 
 18621 23543390000000000 
 18625 23543390000000000 
 18629 23543390000000000 
 18633 23543390000000000 
 18637 23543390000000000 
 18641 23543390000000000 
 18645 23543390000000000 
 18649 23543390000000000 
 18653 23543390000000000 
 18657 23543390000000000 
 18661 23543390000000000 
 18665 23543390000000000 
 18669 23543390000000000 
 18673 23543390000000000 
 18677 23543390000000000 
 18681 23543390000000000 
 18685 23543390000000000 
 18689 23543390000000000 
 18693 23543390000000000 
 18697 23543390000000000 
 18701 23543390000000000 
 18705 23543390000000000 
 18709 23543390000000000 
 18713 23543390000000000 
 18717 23543390000000000 
 18721 23543390000000000 
 18725 23543390000000000 
 18729 23543390000000000 
 18733 23543390000000000 
 18737 23543390000000000 
 18741 23543390000000000 
 18745 23543390000000000 
 18749 23543390000000000 
 18753 23543390000000000 
 18757 23543390000000000 
 18761 23543390000000000 
 18765 23543390000000000 
 18769 23543390000000000 
 18773 23543390000000000 
 18777 23543390000000000 
 18781 23543390000000000 
 18785 23543390000000000 
 18789 23543390000000000 
 18793 23543390000000000 
 18797 23543390000000000 
 18801 23543390000000000 
 18805 23543390000000000 
 18809 23543390000000000 
 18813 23543390000000000 
 18817 23543390000000000 
 18821 23543390000000000 
 18825 23543390000000000 
 18829 23543390000000000 
 18833 23543390000000000 
 18837 23543390000000000 
 18841 23543390000000000 
 18845 23543390000000000 
 18849 23543390000000000 
 18853 23543390000000000 
 18857 23543390000000000 
 18861 23543390000000000 
 18865 23543390000000000 
 18869 23543390000000000 
 18873 23543390000000000 
 18877 23543390000000000 
 18881 23543390000000000 
 18885 23543390000000000 
 18889 23543390000000000 
 18893 23543390000000000 
 18897 23543390000000000 
 18901 23543390000000000 
 18905 23543390000000000 
 18909 23543390000000000 
 18913 23543390000000000 
 18917 23543390000000000 
 18921 23543390000000000 
 18925 23543390000000000 
 18929 23543390000000000 
 18933 23543390000000000 
 18937 23543390000000000 
 18941 23543390000000000 
 18945 23543390000000000 
 18949 23543390000000000 
 18953 23543390000000000 
 18957 23543390000000000 
 18961 23543390000000000 
 18965 23543390000000000 
 18969 23543390000000000 
 18973 23543390000000000 
 18977 23543390000000000 
 18981 23543390000000000 
 18985 23543390000000000 
 18989 23543390000000000 
 18993 23543390000000000 
 18997 23543390000000000 
 19001 23543390000000000 
 19005 23543390000000000 
 19009 23543390000000000 
 19013 23543390000000000 
 19017 23543390000000000 
 19021 23543390000000000 
 19025 23543390000000000 
 19029 23543390000000000 
 19033 23543390000000000 
 19037 23543390000000000 
 19041 23543390000000000 
 19045 23543390000000000 
 19049 23543390000000000 
 19053 23543390000000000 
 19057 23543390000000000 
 19061 23543390000000000 
 19065 23543390000000000 
 19069 23543390000000000 
 19073 23543390000000000 
 19077 23543390000000000 
 19081 23543390000000000 
 19085 23543390000000000 
 19089 23543390000000000 
 19093 23543390000000000 
 19097 23543390000000000 
 19101 23543390000000000 
 19105 23543390000000000 
 19109 23543390000000000 
 19113 23543390000000000 
 19117 23543390000000000 
 19121 23543390000000000 
 19125 23543390000000000 
 19129 23543390000000000 
 19133 23543390000000000 
 19137 23543390000000000 
 19141 23543390000000000 
 19145 23543390000000000 
 19149 23543390000000000 
 19153 23543390000000000 
 19157 23543390000000000 
 19161 23543390000000000 
 19165 23543390000000000 
 19169 23543390000000000 
 19173 23543390000000000 
 19177 23543390000000000 
 19181 23543390000000000 
 19185 23543390000000000 
 19189 23543390000000000 
 19193 23543390000000000 
 19197 23543390000000000 
 19201 23543390000000000 
 19205 23543390000000000 
 19209 23543390000000000 
 19213 23543390000000000 
 19217 23543390000000000 
 19221 23543390000000000 
 19225 23543390000000000 
 19229 23543390000000000 
 19233 23543390000000000 
 19237 23543390000000000 
 19241 23543390000000000 
 19245 23543390000000000 
 19249 23543390000000000 
 19253 23543390000000000 
 19257 23543390000000000 
 19261 23543390000000000 
 19265 23543390000000000 
 19269 23543390000000000 
 19273 23543390000000000 
 19277 23543390000000000 
 19281 23543390000000000 
 19285 23543390000000000 
 19289 23543390000000000 
 19293 23543390000000000 
 19297 23543390000000000 
 19301 23543390000000000 
 19305 23543390000000000 
 19309 23543390000000000 
 19313 23543390000000000 
 19317 23543390000000000 
 19321 23543390000000000 
 19325 23543390000000000 
 19329 23543390000000000 
 19333 23543390000000000 
 19337 23543390000000000 
 19341 23543390000000000 
 19345 23543390000000000 
 19349 23543390000000000 
 19353 23543390000000000 
 19357 23543390000000000 
 19361 23543390000000000 
 19365 23543390000000000 
 19369 23543390000000000 
 19373 23543390000000000 
 19377 23543390000000000 
 19381 23543390000000000 
 19385 23543390000000000 
 19389 23543390000000000 
 19393 23543390000000000 
 19397 23543390000000000 
 19401 23543390000000000 
 19405 23543390000000000 
 19409 23543390000000000 
 19413 23543390000000000 
 19417 23543390000000000 
 19421 23543390000000000 
 19425 23543390000000000 
 19429 23543390000000000 
 19433 23543390000000000 
 19437 23543390000000000 
 19441 23543390000000000 
 19445 23543390000000000 
 19449 23543390000000000 
 19453 23543390000000000 
 19457 23543390000000000 
 19461 23543390000000000 
 19465 23543390000000000 
 19469 23543390000000000 
 19473 23543390000000000 
 19477 23543390000000000 
 19481 23543390000000000 
 19485 23543390000000000 
 19489 23543390000000000 
 19493 23543390000000000 
 19497 23543390000000000 
 19501 23543390000000000 
 19505 23543390000000000 
 19509 23543390000000000 
 19513 23543390000000000 
 19517 23543390000000000 
 19521 23543390000000000 
 19525 23543390000000000 
 19529 23543390000000000 
 19533 23543390000000000 
 19537 23543390000000000 
 19541 23543390000000000 
 19545 23543390000000000 
 19549 23543390000000000 
 19553 23543390000000000 
 19557 23543390000000000 
 19561 23543390000000000 
 19565 23543390000000000 
 19569 23543390000000000 
 19573 23543390000000000 
 19577 23543390000000000 
 19581 23543390000000000 
 19585 23543390000000000 
 19589 23543390000000000 
 19593 23543390000000000 
 19597 23543390000000000 
 19601 23543390000000000 
 19605 23543390000000000 
 19609 23543390000000000 
 19613 23543390000000000 
 19617 23543390000000000 
 19621 23543390000000000 
 19625 23543390000000000 
 19629 23543390000000000 
 19633 23543390000000000 
 19637 23543390000000000 
 19641 23543390000000000 
 19645 23543390000000000 
 19649 23543390000000000 
 19653 23543390000000000 
 19657 23543390000000000 
 19661 23543390000000000 
 19665 23543390000000000 
 19669 23543390000000000 
 19673 23543390000000000 
 19677 23543390000000000 
 19681 23543390000000000 
 19685 23543390000000000 
 19689 23543390000000000 
 19693 23543390000000000 
 19697 23543390000000000 
 19701 23543390000000000 
 19705 23543390000000000 
 19709 23543390000000000 
 19713 23543390000000000 
 19717 23543390000000000 
 19721 23543390000000000 
 19725 23543390000000000 
 19729 23543390000000000 
 19733 23543390000000000 
 19737 23543390000000000 
 19741 23543390000000000 
 19745 23543390000000000 
 19749 23543390000000000 
 19753 23543390000000000 
 19757 23543390000000000 
 19761 23543390000000000 
 19765 23543390000000000 
 19769 23543390000000000 
 19773 23543390000000000 
 19777 23543390000000000 
 19781 23543390000000000 
 19785 23543390000000000 
 19789 23543390000000000 
 19793 23543390000000000 
 19797 23543390000000000 
 19801 23543390000000000 
 19805 23543390000000000 
 19809 23543390000000000 
 19813 23543390000000000 
 19817 23543390000000000 
 19821 23543390000000000 
 19825 23543390000000000 
 19829 23543390000000000 
 19833 23543390000000000 
 19837 23543390000000000 
 19841 23543390000000000 
 19845 23543390000000000 
 19849 23543390000000000 
 19853 23543390000000000 
 19857 23543390000000000 
 19861 23543390000000000 
 19865 23543390000000000 
 19869 23543390000000000 
 19873 23543390000000000 
 19877 23543390000000000 
 19881 23543390000000000 
 19885 23543390000000000 
 19889 23543390000000000 
 19893 23543390000000000 
 19897 23543390000000000 
 19901 23543390000000000 
 19905 23543390000000000 
 19909 23543390000000000 
 19913 23543390000000000 
 19917 23543390000000000 
 19921 23543390000000000 
 19925 23543390000000000 
 19929 23543390000000000 
 19933 23543390000000000 
 19937 23543390000000000 
 19941 23543390000000000 
 19945 23543390000000000 
 19949 23543390000000000 
 19953 23543390000000000 
 19957 23543390000000000 
 19961 23543390000000000 
 19965 23543390000000000 
 19969 23543390000000000 
 19973 23543390000000000 
 19977 23543390000000000 
 19981 23543390000000000 
 19985 23543390000000000 
 19989 23543390000000000 
 19993 23543390000000000 
 19997 23543390000000000 
