  8001 663380000000 
  8005 291808880000 
  8009 301569320000 
  8013 312951120000 
  8017 347349140000 
  8021 419563440000 
  8025 514802720000 
  8029 659060240000 
  8033 840482000000 
  8037 1036343100000 
  8041 1233702500000 
  8045 1448670500000 
  8049 1657296100000 
  8053 1875184900000 
  8057 2108229800000 
  8061 2327774800000 
  8065 2529624000000 
  8069 2662396100000 
  8073 2769313400000 
  8077 2822391600000 
  8081 2847826300000 
  8085 2860483300000 
  8089 2868503000000 
  8093 2860143400000 
  8097 2851783900000 
  8101 2841974400000 
  8105 2840280400000 
  8109 2828644800000 
  8113 2825350500000 
  8117 2825338300000 
  8121 2823807200000 
  8125 2828753100000 
  8129 2830406600000 
  8133 2837136000000 
  8137 2845369400000 
  8141 2856735500000 
  8145 2863212300000 
  8149 2868025500000 
  8153 2871284200000 
  8157 2869616200000 
  8161 2864761500000 
  8165 2858138900000 
  8169 2828486800000 
  8173 2724606900000 
  8177 2542739800000 
  8181 2313814900000 
  8185 2026861800000 
  8189 1761455700000 
  8193 1517731000000 
  8197 1334703600000 
  8201 1235066800000 
  8205 1183501300000 
  8209 1193955400000 
  8213 1246941800000 
  8217 1373901000000 
  8221 1604790500000 
  8225 1944525100000 
  8229 2354399700000 
  8233 2879027000000 
  8237 3477922000000 
  8241 4073592200000 
  8245 4698774700000 
  8249 5295643500000 
  8253 5635916800000 
  8257 5693531600000 
  8261 5658098500000 
  8265 5500989600000 
  8269 5228493600000 
  8273 4868511200000 
  8277 4413297400000 
  8281 3941748200000 
  8285 3470986500000 
  8289 3138050000000 
  8293 2829101800000 
  8297 2601171200000 
  8301 2408662300000 
  8305 2227952000000 
  8309 2123840200000 
  8313 2103186900000 
  8317 2079199300000 
  8321 2084759700000 
  8325 2137440000000 
  8329 2214473600000 
  8333 2322413800000 
  8337 2382522000000 
  8341 2408084700000 
  8345 2394849000000 
  8349 2360222900000 
  8353 2230647100000 
  8357 2032198000000 
  8361 1798714100000 
  8365 1569072400000 
  8369 1385755900000 
  8373 1261196000000 
  8377 1199987700000 
  8381 1184159400000 
  8385 1225667000000 
  8389 1295242100000 
  8393 1484086200000 
  8397 1740656700000 
  8401 2105120500000 
  8405 2529920700000 
  8409 3008229100000 
  8413 3563364600000 
  8417 4074906000000 
  8421 4552320900000 
  8425 4946329000000 
  8429 5137444600000 
  8433 5176536600000 
  8437 5116140000000 
  8441 4941475300000 
  8445 4625628500000 
  8449 4217752100000 
  8453 3754159600000 
  8457 3312036200000 
  8461 2970842000000 
  8465 2639904000000 
  8469 2297582300000 
  8473 1994070800000 
  8477 1801910700000 
  8481 1680475600000 
  8485 1616026900000 
  8489 1576019800000 
  8493 1575209600000 
  8497 1606973500000 
  8501 1659847100000 
  8505 1744959100000 
  8509 1861015200000 
  8513 1993321200000 
  8517 2125471400000 
  8521 2224612300000 
  8525 2273109000000 
  8529 2292177900000 
  8533 2295201500000 
  8537 2291859600000 
  8541 2265596300000 
  8545 2236032100000 
  8549 2206584500000 
  8553 2159277200000 
  8557 2136512900000 
  8561 2102497700000 
  8565 2089659200000 
  8569 2089662900000 
  8573 2122695100000 
  8577 2189994500000 
  8581 2314352500000 
  8585 2457069600000 
  8589 2616974100000 
  8593 2808285200000 
  8597 3010524600000 
  8601 3242137800000 
  8605 3445530800000 
  8609 3573928700000 
  8613 3630477800000 
  8617 3640108100000 
  8621 3615290000000 
  8625 3478044500000 
  8629 3193252800000 
  8633 2841170200000 
  8637 2417510600000 
  8641 1875416400000 
  8645 1423641700000 
  8649 1081321800000 
  8653 875868090000 
  8657 774480420000 
  8661 740791450000 
  8665 741772070000 
  8669 809278110000 
  8673 988779910000 
  8677 1196852600000 
  8681 1474090200000 
  8685 1833153400000 
  8689 2318116500000 
  8693 2930327600000 
  8697 3580349800000 
  8701 4067206200000 
  8705 4341685900000 
  8709 4387667000000 
  8713 4339661100000 
  8717 4194066800000 
  8721 3913022000000 
  8725 3570235700000 
  8729 3226096700000 
  8733 2949727600000 
  8737 2673150400000 
  8741 2407046400000 
  8745 2144194500000 
  8749 2021935200000 
  8753 1959047900000 
  8757 1928758200000 
  8761 1940468200000 
  8765 1967298600000 
  8769 2023468300000 
  8773 2125456700000 
  8777 2274573300000 
  8781 2423387600000 
  8785 2543764800000 
  8789 2591956800000 
  8793 2604514400000 
  8797 2584584500000 
  8801 2493800100000 
  8805 2327771900000 
  8809 2072303900000 
  8813 1799573600000 
  8817 1536037000000 
  8821 1333082700000 
  8825 1223449800000 
  8829 1167133200000 
  8833 1142873700000 
  8837 1186251000000 
  8841 1257205400000 
  8845 1434606900000 
  8849 1668335400000 
  8853 2006308200000 
  8857 2391609400000 
  8861 2871572700000 
  8865 3391186600000 
  8869 3900589200000 
  8873 4320960900000 
  8877 4657274900000 
  8881 4846491400000 
  8885 4907261900000 
  8889 4901869400000 
  8893 4866789200000 
  8897 4759455100000 
  8901 4615975200000 
  8905 4417194100000 
  8909 4201037100000 
  8913 3982275600000 
  8917 3766934500000 
  8921 3620415100000 
  8925 3506167800000 
  8929 3407011200000 
  8933 3343185800000 
  8937 3292910500000 
  8941 3268702400000 
  8945 3252261600000 
  8949 3244122700000 
  8953 3239318600000 
  8957 3236083400000 
  8961 3239412000000 
  8965 3249372600000 
  8969 3264270400000 
  8973 3270846700000 
  8977 3280654400000 
  8981 3290401500000 
  8985 3292077300000 
  8989 3295165500000 
  8993 3295165500000 
  8997 3291968400000 
  9001 3290297200000 
  9005 3288649400000 
  9009 3285284300000 
  9013 3286932700000 
  9017 3305096100000 
  9021 3346255400000 
  9025 3398531000000 
  9029 3508681700000 
  9033 3666561200000 
  9037 3839157000000 
  9041 4067380000000 
  9045 4318902900000 
  9049 4622952400000 
  9053 5007606200000 
  9057 5412656900000 
  9061 5799232000000 
  9065 6123082600000 
  9069 6278819000000 
  9073 6290419500000 
  9077 6272680200000 
  9081 6092545000000 
  9085 5784407900000 
  9089 5420407800000 
  9093 4987081200000 
  9097 4477910400000 
  9101 3959574300000 
  9105 3408062600000 
  9109 2995164900000 
  9113 2653779100000 
  9117 2359026900000 
  9121 2142410900000 
  9125 2036975300000 
  9129 2014849500000 
  9133 2045005500000 
  9137 2132121900000 
  9141 2301267700000 
  9145 2569392700000 
  9149 2868814400000 
  9153 3208739500000 
  9157 3437148100000 
  9161 3549641400000 
  9165 3578269100000 
  9169 3560195400000 
  9173 3512280200000 
  9177 3428230700000 
  9181 3326253100000 
  9185 3207614700000 
  9189 3135508500000 
  9193 3102543800000 
  9197 3097635400000 
  9201 3115802700000 
  9205 3163663300000 
  9209 3234324500000 
  9213 3353008800000 
  9217 3497440600000 
  9221 3645534500000 
  9225 3765434700000 
  9229 3853937200000 
  9233 3889931500000 
  9237 3911265900000 
  9241 3907915000000 
  9245 3883112100000 
  9249 3840249000000 
  9253 3726814300000 
  9257 3599671000000 
  9261 3476337400000 
  9265 3340419600000 
  9269 3243676300000 
  9273 3176463100000 
  9277 3129008200000 
  9281 3106236000000 
  9285 3090062800000 
  9289 3098441500000 
  9293 3129745600000 
  9297 3172642700000 
  9301 3231701300000 
  9305 3297359000000 
  9309 3367378900000 
  9313 3415045300000 
  9317 3454339100000 
  9321 3488876100000 
  9325 3516687400000 
  9329 3536145700000 
  9333 3554348900000 
  9337 3588758200000 
  9341 3636565000000 
  9345 3694109300000 
  9349 3761678300000 
  9353 3861909000000 
  9357 3945369400000 
  9361 4048749600000 
  9365 4135231600000 
  9369 4197283700000 
  9373 4241001800000 
  9377 4258649200000 
  9381 4247096300000 
  9385 4246884400000 
  9389 4230554400000 
  9393 4178975700000 
  9397 4086377300000 
  9401 3971478800000 
  9405 3837147800000 
  9409 3714444200000 
  9413 3608268500000 
  9417 3528496800000 
  9421 3469674600000 
  9425 3445158700000 
  9429 3433718900000 
  9433 3433957600000 
  9437 3467096100000 
  9441 3513244000000 
  9445 3570677000000 
  9449 3641388300000 
  9453 3708922300000 
  9457 3738393000000 
  9461 3744849000000 
  9465 3741548200000 
  9469 3739875800000 
  9473 3723512200000 
  9477 3698606100000 
  9481 3663878800000 
  9485 3640805400000 
  9489 3635808300000 
  9493 3639228700000 
  9497 3677059600000 
  9501 3763105400000 
  9505 3874592700000 
  9509 4017744000000 
  9513 4208934400000 
  9517 4415176500000 
  9521 4649761600000 
  9525 4909259300000 
  9529 5146779600000 
  9533 5303117800000 
  9537 5389257100000 
  9541 5400764000000 
  9545 5395133000000 
  9549 5331765900000 
  9553 5195877000000 
  9557 5036030100000 
  9561 4824609000000 
  9565 4623293100000 
  9569 4382221200000 
  9573 4183442800000 
  9577 3975336400000 
  9581 3827353100000 
  9585 3731842500000 
  9589 3665784100000 
  9593 3633626700000 
  9597 3607971700000 
  9601 3605038600000 
  9605 3616753000000 
  9609 3630129800000 
  9613 3646844700000 
  9617 3683115100000 
  9621 3721210800000 
  9625 3763850400000 
  9629 3815113600000 
  9633 3908613800000 
  9637 4002544200000 
  9641 4123575600000 
  9645 4310547200000 
  9649 4523486100000 
  9653 4786671500000 
  9657 5115765800000 
  9661 5419791900000 
  9665 5678402200000 
  9669 5853116500000 
  9673 5942517900000 
  9677 5978173400000 
  9681 6005493800000 
  9685 6015713300000 
  9689 5991402000000 
  9693 5966893500000 
  9697 5918139200000 
  9701 5902960500000 
  9705 5888281000000 
  9709 5891601300000 
  9713 5901345400000 
  9717 5926213500000 
  9721 5969470200000 
  9725 6007420700000 
  9729 6060385000000 
  9733 6108622500000 
  9737 6151829600000 
  9741 6160154000000 
  9745 6146850600000 
  9749 6110791100000 
  9753 6027991000000 
  9757 5851267200000 
  9761 5604115000000 
  9765 5318421200000 
  9769 5024650200000 
  9773 4727486700000 
  9777 4466825500000 
  9781 4237826800000 
  9785 4083406500000 
  9789 3981643000000 
  9793 3946707100000 
  9797 3996311700000 
  9801 4099561900000 
  9805 4256933700000 
  9809 4513275700000 
  9813 4889008100000 
  9817 5448521700000 
  9821 6195673300000 
  9825 6966942700000 
  9829 7555247600000 
  9833 7878743900000 
  9837 8007118600000 
  9841 8046068900000 
  9845 8039340700000 
  9849 7971612100000 
  9853 7902530800000 
  9857 7839749400000 
  9861 7781886900000 
  9865 7752077700000 
  9869 7749085300000 
  9873 7775067100000 
  9877 7858836300000 
  9881 7986411400000 
  9885 8154285800000 
  9889 8371896800000 
  9893 8704617400000 
  9897 9165731600000 
  9901 9619676200000 
  9905 9977943400000 
  9909 10224149000000 
  9913 10353824000000 
  9917 10447146000000 
  9921 10505460000000 
  9925 10526716000000 
  9929 10554907000000 
  9933 10561180000000 
  9937 10592767000000 
  9941 10640938000000 
  9945 10730610000000 
  9949 10836059000000 
  9953 10980103000000 
  9957 11198547000000 
  9961 11404594000000 
  9965 11630468000000 
  9969 11850213000000 
  9973 12039359000000 
  9977 12187142000000 
  9981 12296729000000 
  9985 12364061000000 
  9989 12407539000000 
  9993 12436494000000 
  9997 12442567000000 
 10001 12437593000000 
 10005 12425613000000 
 10009 12415816000000 
 10013 12397585000000 
 10017 12366186000000 
 10021 12333024000000 
 10025 12294792000000 
 10029 12274978000000 
 10033 12255867000000 
 10037 12205379000000 
 10041 12180079000000 
 10045 12149391000000 
 10049 12133029000000 
 10053 12117338000000 
 10057 12112556000000 
 10061 12119633000000 
 10065 12128392000000 
 10069 12143338000000 
 10073 12151446000000 
 10077 12191450000000 
 10081 12214118000000 
 10085 12238229000000 
 10089 12268748000000 
 10093 12301532000000 
 10097 12329067000000 
 10101 12337290000000 
 10105 12338551000000 
 10109 12340038000000 
 10113 12327052000000 
 10117 12317250000000 
 10121 12313397000000 
 10125 12280513000000 
 10129 12250645000000 
 10133 12224220000000 
 10137 12175585000000 
 10141 12140670000000 
 10145 12115245000000 
 10149 12080563000000 
 10153 12066278000000 
 10157 12077102000000 
 10161 12105262000000 
 10165 12121654000000 
 10169 12168826000000 
 10173 12202989000000 
 10177 12231574000000 
 10181 12244719000000 
 10185 12239852000000 
 10189 12238004000000 
 10193 12226538000000 
 10197 12175448000000 
 10201 12088175000000 
 10205 11952124000000 
 10209 11812250000000 
 10213 11651908000000 
 10217 11479244000000 
 10221 11333509000000 
 10225 11223000000000 
 10229 11127984000000 
 10233 11050187000000 
 10237 11023580000000 
 10241 11033990000000 
 10245 11104607000000 
 10249 11225059000000 
 10253 11380891000000 
 10257 11601384000000 
 10261 11811384000000 
 10265 12008872000000 
 10269 12133114000000 
 10273 12203055000000 
 10277 12232144000000 
 10281 12240677000000 
 10285 12227619000000 
 10289 12183011000000 
 10293 12131570000000 
 10297 12078929000000 
 10301 12017965000000 
 10305 11974138000000 
 10309 11948622000000 
 10313 11913288000000 
 10317 11920908000000 
 10321 11915287000000 
 10325 11923889000000 
 10329 11964820000000 
 10333 12002321000000 
 10337 12055974000000 
 10341 12106445000000 
 10345 12137884000000 
 10349 12170617000000 
 10353 12184641000000 
 10357 12180965000000 
 10361 12179437000000 
 10365 12147959000000 
 10369 12102092000000 
 10373 12024386000000 
 10377 11950587000000 
 10381 11869449000000 
 10385 11793487000000 
 10389 11698374000000 
 10393 11648888000000 
 10397 11602944000000 
 10401 11608745000000 
 10405 11608842000000 
 10409 11649341000000 
 10413 11714938000000 
 10417 11829467000000 
 10421 11921678000000 
 10425 12031373000000 
 10429 12144349000000 
 10433 12230377000000 
 10437 12316537000000 
 10441 12376394000000 
 10445 12422883000000 
 10449 12445437000000 
 10453 12459199000000 
 10457 12472739000000 
 10461 12488063000000 
 10465 12497030000000 
 10469 12496709000000 
 10473 12499690000000 
 10477 12502361000000 
 10481 12494351000000 
 10485 12486016000000 
 10489 12482213000000 
 10493 12471186000000 
 10497 12448364000000 
 10501 12435060000000 
 10505 12422047000000 
 10509 12394108000000 
 10513 12372501000000 
 10517 12356349000000 
 10521 12338532000000 
 10525 12318948000000 
 10529 12313029000000 
 10533 12306538000000 
 10537 12313098000000 
 10541 12308454000000 
 10545 12316440000000 
 10549 12324556000000 
 10553 12324846000000 
 10557 12323041000000 
 10561 12324672000000 
 10565 12318193000000 
 10569 12313500000000 
 10573 12296710000000 
 10577 12280272000000 
 10581 12248225000000 
 10585 12210261000000 
 10589 12168604000000 
 10593 12134227000000 
 10597 12124948000000 
 10601 12109773000000 
 10605 12109058000000 
 10609 12141081000000 
 10613 12196327000000 
 10617 12234432000000 
 10621 12297856000000 
 10625 12358438000000 
 10629 12421505000000 
 10633 12447166000000 
 10637 12461872000000 
 10641 12460191000000 
 10645 12458194000000 
 10649 12446660000000 
 10653 12402379000000 
 10657 12358737000000 
 10661 12307289000000 
 10665 12242948000000 
 10669 12181952000000 
 10673 12121007000000 
 10677 12078423000000 
 10681 12035525000000 
 10685 12006945000000 
 10689 11988785000000 
 10693 11991824000000 
 10697 12026607000000 
 10701 12054915000000 
 10705 12093174000000 
 10709 12153889000000 
 10713 12176547000000 
 10717 12197498000000 
 10721 12207022000000 
 10725 12208669000000 
 10729 12192371000000 
 10733 12177576000000 
 10737 12146023000000 
 10741 12110102000000 
 10745 12078769000000 
 10749 12053622000000 
 10753 12032566000000 
 10757 12018118000000 
 10761 12014749000000 
 10765 12043353000000 
 10769 12079641000000 
 10773 12132207000000 
 10777 12188400000000 
 10781 12244990000000 
 10785 12317804000000 
 10789 12361281000000 
 10793 12383722000000 
 10797 12400659000000 
 10801 12403855000000 
 10805 12404986000000 
 10809 12406146000000 
 10813 12400231000000 
 10817 12382076000000 
 10821 12366332000000 
 10825 12344626000000 
 10829 12317748000000 
 10833 12312504000000 
 10837 12289439000000 
 10841 12280980000000 
 10845 12282595000000 
 10849 12279605000000 
 10853 12282640000000 
 10857 12292498000000 
 10861 12300684000000 
 10865 12308634000000 
 10869 12319900000000 
 10873 12319889000000 
 10877 12321386000000 
 10881 12326028000000 
 10885 12323032000000 
 10889 12327495000000 
 10893 12325689000000 
 10897 12321063000000 
 10901 12326104000000 
 10905 12328989000000 
 10909 12335813000000 
 10913 12358825000000 
 10917 12374052000000 
 10921 12392458000000 
 10925 12421819000000 
 10929 12441580000000 
 10933 12454336000000 
 10937 12467517000000 
 10941 12477095000000 
 10945 12473916000000 
 10949 12472237000000 
 10953 12467260000000 
 10957 12455853000000 
 10961 12437690000000 
 10965 12420981000000 
 10969 12407659000000 
 10973 12381095000000 
 10977 12367404000000 
 10981 12349232000000 
 10985 12334484000000 
 10989 12325119000000 
 10993 12312589000000 
 10997 12317648000000 
 11001 12327611000000 
 11005 12324588000000 
 11009 12329053000000 
 11013 12337056000000 
 11017 12335711000000 
 11021 12333913000000 
 11025 12337062000000 
 11029 12324102000000 
 11033 12317294000000 
 11037 12312594000000 
 11041 12302714000000 
 11045 12299747000000 
 11049 12301091000000 
 11053 12284796000000 
 11057 12295928000000 
 11061 12297960000000 
 11065 12319456000000 
 11069 12337437000000 
 11073 12380203000000 
 11077 12401884000000 
 11081 12430007000000 
 11085 12448139000000 
 11089 12462791000000 
 11093 12473778000000 
 11097 12476954000000 
 11101 12476889000000 
 11105 12473755000000 
 11109 12473569000000 
 11113 12467077000000 
 11117 12463711000000 
 11121 12461726000000 
 11125 12453714000000 
 11129 12455217000000 
 11133 12455225000000 
 11137 12455357000000 
 11141 12455212000000 
 11145 12458372000000 
 11149 12455363000000 
 11153 12455375000000 
 11157 12448647000000 
 11161 12452068000000 
 11165 12440583000000 
 11169 12415342000000 
 11173 12369148000000 
 11177 12330741000000 
 11181 12273296000000 
 11185 12199356000000 
 11189 12126213000000 
 11193 12088263000000 
 11197 12048502000000 
 11201 12014016000000 
 11205 11990381000000 
 11209 11970657000000 
 11213 12009493000000 
 11217 12042621000000 
 11221 12118565000000 
 11225 12174850000000 
 11229 12236572000000 
 11233 12275687000000 
 11237 12306534000000 
 11241 12314563000000 
 11245 12318853000000 
 11249 12309143000000 
 11253 12300908000000 
 11257 12290480000000 
 11261 12282062000000 
 11265 12259303000000 
 11269 12240604000000 
 11273 12227901000000 
 11277 12215674000000 
 11281 12213089000000 
 11285 12216491000000 
 11289 12225323000000 
 11293 12249651000000 
 11297 12289129000000 
 11301 12311777000000 
 11305 12347418000000 
 11309 12355824000000 
 11313 12363925000000 
 11317 12363317000000 
 11321 12345655000000 
 11325 12293537000000 
 11329 12221525000000 
 11333 12119472000000 
 11337 12004767000000 
 11341 11871925000000 
 11345 11778557000000 
 11349 11650585000000 
 11353 11568825000000 
 11357 11501511000000 
 11361 11470707000000 
 11365 11461184000000 
 11369 11482304000000 
 11373 11544889000000 
 11377 11650345000000 
 11381 11787678000000 
 11385 11927468000000 
 11389 12071042000000 
 11393 12181983000000 
 11397 12256930000000 
 11401 12299372000000 
 11405 12317383000000 
 11409 12314283000000 
 11413 12308953000000 
 11417 12287213000000 
 11421 12247162000000 
 11425 12215302000000 
 11429 12195198000000 
 11433 12171271000000 
 11437 12143752000000 
 11441 12133002000000 
 11445 12131965000000 
 11449 12140725000000 
 11453 12157346000000 
 11457 12188952000000 
 11461 12212877000000 
 11465 12255196000000 
 11469 12285842000000 
 11473 12303956000000 
 11477 12324678000000 
 11481 12311454000000 
 11485 12308006000000 
 11489 12311210000000 
 11493 12298172000000 
 11497 12291333000000 
 11501 12291289000000 
 11505 12271324000000 
 11509 12245305000000 
 11513 12228633000000 
 11517 12208950000000 
 11521 12207427000000 
 11525 12205775000000 
 11529 12205779000000 
 11533 12204249000000 
 11537 12209130000000 
 11541 12207795000000 
 11545 12212591000000 
 11549 12217644000000 
 11553 12222339000000 
 11557 12232535000000 
 11561 12246934000000 
 11565 12260513000000 
 11569 12289836000000 
 11573 12318811000000 
 11577 12344014000000 
 11581 12384300000000 
 11585 12418440000000 
 11589 12461440000000 
 11593 12484668000000 
 11597 12508063000000 
 11601 12518244000000 
 11605 12522875000000 
 11609 12517680000000 
 11613 12493115000000 
 11617 12473132000000 
 11621 12424750000000 
 11625 12348643000000 
 11629 12279027000000 
 11633 12197774000000 
 11637 12112653000000 
 11641 12040858000000 
 11645 11965508000000 
 11649 11871584000000 
 11653 11824150000000 
 11657 11812120000000 
 11661 11814255000000 
 11665 11832648000000 
 11669 11891675000000 
 11673 11927547000000 
 11677 12005821000000 
 11681 12057576000000 
 11685 12093425000000 
 11689 12099811000000 
 11693 12098297000000 
 11697 12053682000000 
 11701 11985034000000 
 11705 11899330000000 
 11709 11823481000000 
 11713 11761637000000 
 11717 11728197000000 
 11721 11707791000000 
 11725 11709360000000 
 11729 11709108000000 
 11733 11722619000000 
 11737 11782189000000 
 11741 11853572000000 
 11745 11977459000000 
 11749 12090637000000 
 11753 12212363000000 
 11757 12303720000000 
 11761 12348357000000 
 11765 12379252000000 
 11769 12396967000000 
 11773 12376477000000 
 11777 12315003000000 
 11781 12203838000000 
 11785 12065405000000 
 11789 11883149000000 
 11793 11707805000000 
 11797 11522558000000 
 11801 11361691000000 
 11805 11229152000000 
 11809 11103061000000 
 11813 11005618000000 
 11817 10929880000000 
 11821 10923058000000 
 11825 10945967000000 
 11829 11029695000000 
 11833 11166280000000 
 11837 11378188000000 
 11841 11601620000000 
 11845 11753786000000 
 11849 11936250000000 
 11853 12022378000000 
 11857 12086212000000 
 11861 12105895000000 
 11865 12104704000000 
 11869 12105577000000 
 11873 12095923000000 
 11877 12081705000000 
 11881 12076373000000 
 11885 12085815000000 
 11889 12081333000000 
 11893 12112552000000 
 11897 12149462000000 
 11901 12176157000000 
 11905 12231663000000 
 11909 12294903000000 
 11913 12346450000000 
 11917 12391753000000 
 11921 12453106000000 
 11925 12475009000000 
 11929 12501280000000 
 11933 12524542000000 
 11937 12531751000000 
 11941 12532686000000 
 11945 12542350000000 
 11949 12529096000000 
 11953 12505689000000 
 11957 12494062000000 
 11961 12479131000000 
 11965 12452587000000 
 11969 12431398000000 
 11973 12412966000000 
 11977 12382949000000 
 11981 12345706000000 
 11985 12333697000000 
 11989 12317494000000 
 11993 12286561000000 
 11997 12271425000000 
 12001 663380000000 
 12005 1637977400000 
 12009 1477587500000 
 12013 1388559500000 
 12017 1341984900000 
 12021 1319530300000 
 12025 1337938000000 
 12029 1362793400000 
 12033 1453348600000 
 12037 1595855200000 
 12041 1831390500000 
 12045 2155009300000 
 12049 2528103800000 
 12053 2946797300000 
 12057 3352955200000 
 12061 3624196300000 
 12065 3761769700000 
 12069 3769182600000 
 12073 3726026100000 
 12077 3618624100000 
 12081 3435799300000 
 12085 3219229700000 
 12089 2996502200000 
 12093 2779930100000 
 12097 2583596400000 
 12101 2393676000000 
 12105 2241499700000 
 12109 2174646100000 
 12113 2140887700000 
 12117 2134758600000 
 12121 2148137500000 
 12125 2179560200000 
 12129 2235618200000 
 12133 2375082000000 
 12137 2487750300000 
 12141 2556072900000 
 12145 2554030300000 
 12149 2521124600000 
 12153 2428515700000 
 12157 2201597000000 
 12161 1877884600000 
 12165 1507570900000 
 12169 1201763100000 
 12173 960411510000 
 12177 822634760000 
 12181 750159850000 
 12185 735772970000 
 12189 788805350000 
 12193 914170870000 
 12197 1125584300000 
 12201 1363877900000 
 12205 1659512000000 
 12209 2041459400000 
 12213 2507870000000 
 12217 3020502200000 
 12221 3486599700000 
 12225 3753032500000 
 12229 3821896200000 
 12233 3787056200000 
 12237 3675928300000 
 12241 3466104900000 
 12245 3203177600000 
 12249 2904936900000 
 12253 2611594400000 
 12257 2316113800000 
 12261 2016474500000 
 12265 1807738700000 
 12269 1658359200000 
 12273 1593766300000 
 12277 1547124200000 
 12281 1552545300000 
 12285 1590676500000 
 12289 1656558200000 
 12293 1759698900000 
 12297 1879384400000 
 12301 1979005000000 
 12305 2017761400000 
 12309 2038988900000 
 12313 2034007300000 
 12317 2022520600000 
 12321 1991273900000 
 12325 1950161600000 
 12329 1877863800000 
 12333 1802653200000 
 12337 1752135800000 
 12341 1722807400000 
 12345 1717942300000 
 12349 1732931900000 
 12353 1785596100000 
 12357 1939551900000 
 12361 2104789900000 
 12365 2286392600000 
 12369 2479207700000 
 12373 2639230800000 
 12377 2764572100000 
 12381 2832703300000 
 12385 2854815700000 
 12389 2865713100000 
 12393 2873621700000 
 12397 2866999900000 
 12401 2858724000000 
 12405 2851918600000 
 12409 2853407000000 
 12413 2846649100000 
 12417 2854787100000 
 12421 2857881300000 
 12425 2869358400000 
 12429 2888963000000 
 12433 2897125200000 
 12437 2897077800000 
 12441 2892159800000 
 12445 2890536300000 
 12449 2837495600000 
 12453 2700725200000 
 12457 2502128200000 
 12461 2251869000000 
 12465 1994209000000 
 12469 1691004300000 
 12473 1445343700000 
 12477 1265376600000 
 12481 1179766200000 
 12485 1144496000000 
 12489 1156845800000 
 12493 1221347900000 
 12497 1337878300000 
 12501 1529213700000 
 12505 1818772100000 
 12509 2240041500000 
 12513 2687078100000 
 12517 3148592000000 
 12521 3531151000000 
 12525 3745575500000 
 12529 3816536200000 
 12533 3792725000000 
 12537 3737750000000 
 12541 3648885100000 
 12545 3528612300000 
 12549 3413991500000 
 12553 3340115100000 
 12557 3284598800000 
 12561 3242085700000 
 12565 3237259300000 
 12569 3252169200000 
 12573 3293480500000 
 12577 3331662000000 
 12581 3377746800000 
 12585 3422124200000 
 12589 3468481500000 
 12593 3478317700000 
 12597 3484822400000 
 12601 3473199300000 
 12605 3450242900000 
 12609 3342944400000 
 12613 3150334400000 
 12617 2902169900000 
 12621 2610653600000 
 12625 2309885600000 
 12629 1927575700000 
 12633 1651772800000 
 12637 1457029400000 
 12641 1361877700000 
 12645 1323490600000 
 12649 1343819900000 
 12653 1413188500000 
 12657 1537958000000 
 12661 1729403800000 
 12665 2005559900000 
 12669 2286000500000 
 12673 2514711400000 
 12677 2672507300000 
 12681 2770060400000 
 12685 2804003000000 
 12689 2827802900000 
 12693 2832452600000 
 12697 2827553500000 
 12701 2835442400000 
 12705 2835335400000 
 12709 2846517800000 
 12713 2861017600000 
 12717 2900187300000 
 12721 2967364100000 
 12725 3049497400000 
 12729 3116879500000 
 12733 3184216400000 
 12737 3211993500000 
 12741 3218567100000 
 12745 3205413700000 
 12749 3185629500000 
 12753 3119972600000 
 12757 2971323000000 
 12761 2783727500000 
 12765 2560474000000 
 12769 2377561400000 
 12773 2212938300000 
 12777 2079310400000 
 12781 1977163800000 
 12785 1921973400000 
 12789 1902860600000 
 12793 1913163100000 
 12797 1961071200000 
 12801 2061408700000 
 12805 2187605400000 
 12809 2361227100000 
 12813 2524486900000 
 12817 2643397400000 
 12821 2701500500000 
 12825 2697912300000 
 12829 2678109500000 
 12833 2608966800000 
 12837 2475392000000 
 12841 2326389600000 
 12845 2143420500000 
 12849 1978876500000 
 12853 1864947300000 
 12857 1806692600000 
 12861 1772922100000 
 12865 1803099400000 
 12869 1921646300000 
 12873 2067857700000 
 12877 2256620900000 
 12881 2491123800000 
 12885 2789615900000 
 12889 3128637800000 
 12893 3441608200000 
 12897 3610806000000 
 12901 3637371300000 
 12905 3612546300000 
 12909 3452232300000 
 12913 3173698800000 
 12917 2781468100000 
 12921 2339497400000 
 12925 1837850700000 
 12929 1382134500000 
 12933 1047573400000 
 12937 872555930000 
 12941 788915530000 
 12945 763570950000 
 12949 795365780000 
 12953 909309780000 
 12957 1078311200000 
 12961 1277173700000 
 12965 1518638200000 
 12969 1899383200000 
 12973 2375040500000 
 12977 2821342000000 
 12981 3159740900000 
 12985 3302406100000 
 12989 3311573300000 
 12993 3265378200000 
 12997 3177686400000 
 13001 3037385000000 
 13005 2827995500000 
 13009 2649101200000 
 13013 2512868100000 
 13017 2423149400000 
 13021 2393826400000 
 13025 2393979100000 
 13029 2427026300000 
 13033 2504206800000 
 13037 2571568700000 
 13041 2683210700000 
 13045 2784780100000 
 13049 2907863300000 
 13053 2981319100000 
 13057 3010731100000 
 13061 3012165200000 
 13065 3003868700000 
 13069 2989100900000 
 13073 2947766900000 
 13077 2835264800000 
 13081 2721801500000 
 13085 2587050200000 
 13089 2487284100000 
 13093 2408874100000 
 13097 2325859700000 
 13101 2285334600000 
 13105 2262417100000 
 13109 2234739100000 
 13113 2218578300000 
 13117 2216956900000 
 13121 2213761500000 
 13125 2210640100000 
 13129 2214002800000 
 13133 2223984900000 
 13137 2237285500000 
 13141 2271911400000 
 13145 2327793300000 
 13149 2449214600000 
 13153 2585355900000 
 13157 2788898100000 
 13161 3071183800000 
 13165 3401230800000 
 13169 3752308100000 
 13173 4158988200000 
 13177 4610622500000 
 13181 5021224300000 
 13185 5322743400000 
 13189 5423034200000 
 13193 5409614800000 
 13197 5342742400000 
 13201 5140669100000 
 13205 4856091300000 
 13209 4496935600000 
 13213 4119793400000 
 13217 3742919200000 
 13221 3389750200000 
 13225 3103378600000 
 13229 2886238400000 
 13233 2761165100000 
 13237 2691528800000 
 13241 2652710000000 
 13245 2643144100000 
 13249 2643788300000 
 13253 2678585100000 
 13257 2774407100000 
 13261 2902521800000 
 13265 2973026200000 
 13269 2997154900000 
 13273 2998682800000 
 13277 2917786300000 
 13281 2698327300000 
 13285 2377358400000 
 13289 1883276200000 
 13293 1496639800000 
 13297 1176109000000 
 13301 941179960000 
 13305 826308260000 
 13309 794231480000 
 13313 806184130000 
 13317 887176430000 
 13321 1107675600000 
 13325 1352726000000 
 13329 1611064600000 
 13333 1960196900000 
 13337 2448400800000 
 13341 3017064700000 
 13345 3634179000000 
 13349 4207659900000 
 13353 4538522300000 
 13357 4537757400000 
 13361 4387522100000 
 13365 4035801400000 
 13369 3553767800000 
 13373 2994723300000 
 13377 2520454200000 
 13381 2018759600000 
 13385 1515224300000 
 13389 1168335000000 
 13393 981666790000 
 13397 907646570000 
 13401 884208740000 
 13405 911441660000 
 13409 1010528600000 
 13413 1112282500000 
 13417 1246169500000 
 13421 1436871700000 
 13425 1734274000000 
 13429 2035810700000 
 13433 2260430600000 
 13437 2341071500000 
 13441 2366492600000 
 13445 2367843200000 
 13449 2298672200000 
 13453 2165415400000 
 13457 1973952000000 
 13461 1778284600000 
 13465 1605749900000 
 13469 1481875100000 
 13473 1415275800000 
 13477 1396124400000 
 13481 1426007400000 
 13485 1503517500000 
 13489 1660990900000 
 13493 1903273500000 
 13497 2182758400000 
 13501 2470565600000 
 13505 2758129500000 
 13509 3033978900000 
 13513 3262604700000 
 13517 3422650000000 
 13521 3516748600000 
 13525 3558516400000 
 13529 3576158200000 
 13533 3582467000000 
 13537 3587190400000 
 13541 3567508500000 
 13545 3544266900000 
 13549 3504681700000 
 13553 3463545200000 
 13557 3417555600000 
 13561 3369835600000 
 13565 3290704300000 
 13569 3210084000000 
 13573 3116487000000 
 13577 3024516700000 
 13581 2924654500000 
 13585 2844298700000 
 13589 2769387200000 
 13593 2710450900000 
 13597 2682747800000 
 13601 663380000000 
 13605 2401472000000 
 13609 2460760600000 
 13613 2577363900000 
 13617 2758093200000 
 13621 3029372900000 
 13625 3350109000000 
 13629 3681547600000 
 13633 3970955500000 
 13637 4160871100000 
 13641 4216794800000 
 13645 4199788400000 
 13649 4125391700000 
 13653 3942918200000 
 13657 3660901200000 
 13661 3365806900000 
 13665 3073791600000 
 13669 2834759500000 
 13673 2641759500000 
 13677 2475205700000 
 13681 2326329900000 
 13685 2290443800000 
 13689 2308666000000 
 13693 2328401200000 
 13697 2358278700000 
 13701 2448927000000 
 13705 2595393600000 
 13709 2797463400000 
 13713 2994322500000 
 13717 3127191600000 
 13721 3142962100000 
 13725 3116361100000 
 13729 2997206900000 
 13733 2695249200000 
 13737 2334391700000 
 13741 1905134800000 
 13745 1505777200000 
 13749 1193568200000 
 13753 961988110000 
 13757 860067470000 
 13761 821745490000 
 13765 823875190000 
 13769 899954720000 
 13773 1084239400000 
 13777 1290193100000 
 13781 1558112800000 
 13785 1927065700000 
 13789 2417603500000 
 13793 2979815900000 
 13797 3580836700000 
 13801 4058797100000 
 13805 4368660900000 
 13809 4441912300000 
 13813 4385303500000 
 13817 4224614000000 
 13821 3973608700000 
 13825 3667375300000 
 13829 3356547600000 
 13833 3090017700000 
 13837 2888777000000 
 13841 2739819700000 
 13845 2650093600000 
 13849 2601337800000 
 13853 2565259300000 
 13857 2545419000000 
 13861 2573518200000 
 13865 2627850400000 
 13869 2685468700000 
 13873 2783753400000 
 13877 2859275200000 
 13881 2898392000000 
 13885 2904598900000 
 13889 2884806200000 
 13893 2853518700000 
 13897 2767592700000 
 13901 2606480800000 
 13905 2467112800000 
 13909 2308547000000 
 13913 2158550100000 
 13917 2046071100000 
 13921 1976546400000 
 13925 1937630600000 
 13929 1936359400000 
 13933 1984392700000 
 13937 2119127000000 
 13941 2284649300000 
 13945 2498950000000 
 13949 2726748300000 
 13953 2983961300000 
 13957 3174984500000 
 13961 3325436200000 
 13965 3423418000000 
 13969 3491399900000 
 13973 3533773900000 
 13977 3554895800000 
 13981 3590612400000 
 13985 3626688900000 
 13989 3682550300000 
 13993 3746491700000 
 13997 3812330400000 
 14001 3885820400000 
 14005 3948170500000 
 14009 3993748200000 
 14013 4011366500000 
 14017 4016184400000 
 14021 4004789400000 
 14025 3958634600000 
 14029 3854850400000 
 14033 3703739000000 
 14037 3510202300000 
 14041 3308284100000 
 14045 3130033000000 
 14049 2960199100000 
 14053 2850597200000 
 14057 2764069000000 
 14061 2733101000000 
 14065 2715083100000 
 14069 2728359300000 
 14073 2786166100000 
 14077 2881603700000 
 14081 3006617500000 
 14085 3168937400000 
 14089 3311935100000 
 14093 3429756000000 
 14097 3475196600000 
 14101 3478433700000 
 14105 3466769400000 
 14109 3425526800000 
 14113 3351544300000 
 14117 3272533300000 
 14121 3177040000000 
 14125 3121462700000 
 14129 3078693200000 
 14133 3064305200000 
 14137 3079315300000 
 14141 3161714300000 
 14145 3266895900000 
 14149 3429816400000 
 14153 3630312800000 
 14157 3852062900000 
 14161 4111842700000 
 14165 4406969300000 
 14169 4664810100000 
 14173 4838685200000 
 14177 4894486700000 
 14181 4890548500000 
 14185 4830742700000 
 14189 4676798200000 
 14193 4474299800000 
 14197 4245974800000 
 14201 4013150300000 
 14205 3788977200000 
 14209 3618519300000 
 14213 3493144300000 
 14217 3420464400000 
 14221 3378328500000 
 14225 3375553000000 
 14229 3404059600000 
 14233 3437382000000 
 14237 3501646900000 
 14241 3554451400000 
 14245 3606594900000 
 14249 3636174800000 
 14253 3631179500000 
 14257 3619688000000 
 14261 3601443700000 
 14265 3569979900000 
 14269 3505968500000 
 14273 3456653800000 
 14277 3425435300000 
 14281 3399195800000 
 14285 3391036600000 
 14289 3412480000000 
 14293 3471863400000 
 14297 3568891800000 
 14301 3716959100000 
 14305 3871330000000 
 14309 4064592100000 
 14313 4279703100000 
 14317 4481672300000 
 14321 4613962500000 
 14325 4664962200000 
 14329 4664544300000 
 14333 4641279400000 
 14337 4545104300000 
 14341 4383639800000 
 14345 4206800400000 
 14349 4001345500000 
 14353 3817248800000 
 14357 3667937000000 
 14361 3557451500000 
 14365 3497375200000 
 14369 3455239900000 
 14373 3460753500000 
 14377 3487683100000 
 14381 3545535400000 
 14385 3616436900000 
 14389 3735013800000 
 14393 3835295900000 
 14397 3882961600000 
 14401 3882602300000 
 14405 3861385200000 
 14409 3826499400000 
 14413 3711105000000 
 14417 3569493000000 
 14421 3433114300000 
 14425 3290715800000 
 14429 3199077100000 
 14433 3142170300000 
 14437 3132666600000 
 14441 3169174900000 
 14445 3245060200000 
 14449 3355252200000 
 14453 3509704200000 
 14457 3718425600000 
 14461 3981029100000 
 14465 4299617200000 
 14469 4647094600000 
 14473 5004187100000 
 14477 5201822900000 
 14481 5247378000000 
 14485 5234845800000 
 14489 5131537900000 
 14493 4932353200000 
 14497 4670828700000 
 14501 4387137500000 
 14505 4086476400000 
 14509 3796478600000 
 14513 3565098900000 
 14517 3369495000000 
 14521 3271121700000 
 14525 3230817900000 
 14529 3224752200000 
 14533 3250195900000 
 14537 3298132500000 
 14541 3360985600000 
 14545 3453030900000 
 14549 3520761500000 
 14553 3587493700000 
 14557 3618631900000 
 14561 3623604200000 
 14565 3616878600000 
 14569 3602066800000 
 14573 3580555000000 
 14577 3547552900000 
 14581 3516449300000 
 14585 3496664500000 
 14589 3485073800000 
 14593 3485093900000 
 14597 3503302300000 
 14601 3551008000000 
 14605 3634778200000 
 14609 3738273100000 
 14613 3841681300000 
 14617 3926557400000 
 14621 4009810500000 
 14625 4081369200000 
 14629 4136542600000 
 14633 4173796400000 
 14637 4212461100000 
 14641 4243297900000 
 14645 4277241200000 
 14649 4313013600000 
 14653 4366850800000 
 14657 4427127600000 
 14661 4488260500000 
 14665 4554560900000 
 14669 4619662700000 
 14673 4666102600000 
 14677 4686841200000 
 14681 4696219400000 
 14685 4682801300000 
 14689 4643337500000 
 14693 4506074100000 
 14697 4335895200000 
 14701 4040065500000 
 14705 3736201600000 
 14709 3434694900000 
 14713 3136670800000 
 14717 2937985600000 
 14721 2797652500000 
 14725 2717873000000 
 14729 2683805100000 
 14733 2675679500000 
 14737 2738516200000 
 14741 2843653500000 
 14745 3041289200000 
 14749 3312743400000 
 14753 3667822700000 
 14757 4058830900000 
 14761 4518419800000 
 14765 4892342000000 
 14769 5124180200000 
 14773 5177634200000 
 14777 5148356000000 
 14781 5050201400000 
 14785 4885601600000 
 14789 4683693400000 
 14793 4490926200000 
 14797 4346030500000 
 14801 4237615700000 
 14805 4174426100000 
 14809 4155703500000 
 14813 4192553100000 
 14817 4244054800000 
 14821 4334600000000 
 14825 4449619300000 
 14829 4586462500000 
 14833 4775952500000 
 14837 5001159600000 
 14841 5208781500000 
 14845 5381643400000 
 14849 5392084600000 
 14853 5343940800000 
 14857 5184374900000 
 14861 4877214000000 
 14865 4419402100000 
 14869 3906344800000 
 14873 3329311200000 
 14877 2817314600000 
 14881 2416768800000 
 14885 2046684200000 
 14889 1796568100000 
 14893 1688145400000 
 14897 1664580700000 
 14901 1716514700000 
 14905 1830218100000 
 14909 2040071900000 
 14913 2334913900000 
 14917 2713511500000 
 14921 3185468000000 
 14925 3635801100000 
 14929 3987895400000 
 14933 4180371900000 
 14937 4216985400000 
 14941 4194999000000 
 14945 4109007600000 
 14949 3957055200000 
 14953 3760608600000 
 14957 3565581900000 
 14961 3426117000000 
 14965 3313526700000 
 14969 3236710600000 
 14973 3217392600000 
 14977 3222536500000 
 14981 3262317400000 
 14985 3316902400000 
 14989 3395710100000 
 14993 3496177900000 
 14997 3597741800000 
 15001 3720992400000 
 15005 3812521400000 
 15009 3879632100000 
 15013 3912166200000 
 15017 3897313700000 
 15021 3895521800000 
 15025 3889144000000 
 15029 3865885100000 
 15033 3836147300000 
 15037 3788169500000 
 15041 3748747600000 
 15045 3691096500000 
 15049 3651714400000 
 15053 3620480200000 
 15057 3590755500000 
 15061 3569681600000 
 15065 3543307200000 
 15069 3533515000000 
 15073 3523599600000 
 15077 3509047000000 
 15081 3510675600000 
 15085 3518990700000 
 15089 3547021400000 
 15093 3616028800000 
 15097 3690054900000 
 15101 3829691400000 
 15105 4031971200000 
 15109 4310506900000 
 15113 4688077400000 
 15117 5149033000000 
 15121 5648934100000 
 15125 6128325600000 
 15129 6535646900000 
 15133 6740539500000 
 15137 6769818300000 
 15141 6755842100000 
 15145 6651463200000 
 15149 6455099400000 
 15153 6138915200000 
 15157 5819982900000 
 15161 5466555200000 
 15165 5058675300000 
 15169 4775933700000 
 15173 4582736400000 
 15177 4442459800000 
 15181 4393527300000 
 15185 4367265800000 
 15189 4383957400000 
 15193 4437635700000 
 15197 4575329500000 
 15201 4778118900000 
 15205 5047073800000 
 15209 5404575200000 
 15213 5754059900000 
 15217 5955927200000 
 15221 6007964700000 
 15225 5982333600000 
 15229 5890120900000 
 15233 5670308900000 
 15237 5474416900000 
 15241 5295973100000 
 15245 5162599000000 
 15249 5052098600000 
 15253 5022798300000 
 15257 5056294300000 
 15261 5179289100000 
 15265 5376416400000 
 15269 5660148100000 
 15273 5978688900000 
 15277 6405398800000 
 15281 7090664900000 
 15285 8056645600000 
 15289 9258006800000 
 15293 10170970000000 
 15297 10664238000000 
 15301 10798059000000 
 15305 10837322000000 
 15309 10821354000000 
 15313 10791961000000 
 15317 10746291000000 
 15321 10702710000000 
 15325 10659732000000 
 15329 10645047000000 
 15333 10653554000000 
 15337 10671818000000 
 15341 10703060000000 
 15345 10772956000000 
 15349 10896558000000 
 15353 11032908000000 
 15357 11213929000000 
 15361 11388201000000 
 15365 11562806000000 
 15369 11690766000000 
 15373 11780787000000 
 15377 11829788000000 
 15381 11867255000000 
 15385 11886794000000 
 15389 11888394000000 
 15393 11888500000000 
 15397 11888367000000 
 15401 11886789000000 
 15405 11903171000000 
 15409 11906320000000 
 15413 11922637000000 
 15417 11948664000000 
 15421 11966410000000 
 15425 12005723000000 
 15429 12059357000000 
 15433 12106243000000 
 15437 12125304000000 
 15441 12150911000000 
 15445 12162281000000 
 15449 12171831000000 
 15453 12170156000000 
 15457 12171482000000 
 15461 12165326000000 
 15465 12160405000000 
 15469 12157074000000 
 15473 12137507000000 
 15477 12124224000000 
 15481 12104774000000 
 15485 12091498000000 
 15489 12078764000000 
 15493 12065470000000 
 15497 12053843000000 
 15501 12040852000000 
 15505 12035824000000 
 15509 12027673000000 
 15513 12002425000000 
 15517 11982817000000 
 15521 11968191000000 
 15525 11955047000000 
 15529 11940387000000 
 15533 11927240000000 
 15537 11903940000000 
 15541 11905572000000 
 15545 11925603000000 
 15549 11944226000000 
 15553 11964146000000 
 15557 11995124000000 
 15561 12052473000000 
 15565 12091744000000 
 15569 12152649000000 
 15573 12213773000000 
 15577 12284745000000 
 15581 12329677000000 
 15585 12358595000000 
 15589 12366382000000 
 15593 12367713000000 
 15597 12361097000000 
 15601 12359542000000 
 15605 12341321000000 
 15609 12304481000000 
 15613 12263274000000 
 15617 12226951000000 
 15621 12199972000000 
 15625 12191638000000 
 15629 12155616000000 
 15633 12137678000000 
 15637 12126285000000 
 15641 12113892000000 
 15645 12112508000000 
 15649 12107939000000 
 15653 12109596000000 
 15657 12107871000000 
 15661 12119329000000 
 15665 12122569000000 
 15669 12120917000000 
 15673 12119250000000 
 15677 12112665000000 
 15681 12112627000000 
 15685 12110911000000 
 15689 12102683000000 
 15693 12097694000000 
 15697 12107485000000 
 15701 12110837000000 
 15705 12125313000000 
 15709 12125466000000 
 15713 12137042000000 
 15717 12171097000000 
 15721 12188982000000 
 15725 12210297000000 
 15729 12224867000000 
 15733 12241353000000 
 15737 12251064000000 
 15741 12254459000000 
 15745 12252848000000 
 15749 12252794000000 
 15753 12254290000000 
 15757 12246169000000 
 15761 12244565000000 
 15765 12239550000000 
 15769 12235896000000 
 15773 12227975000000 
 15777 12218193000000 
 15781 12217879000000 
 15785 12211569000000 
 15789 12208277000000 
 15793 12209629000000 
 15797 12201652000000 
 15801 12198314000000 
 15805 12196511000000 
 15809 12190058000000 
 15813 12188242000000 
 15817 12179979000000 
 15821 12165219000000 
 15825 12155258000000 
 15829 12142141000000 
 15833 12137133000000 
 15837 12133699000000 
 15841 12127128000000 
 15845 12125610000000 
 15849 12132294000000 
 15853 12135630000000 
 15857 12151940000000 
 15861 12170178000000 
 15865 12193094000000 
 15869 12221254000000 
 15873 12241195000000 
 15877 12264374000000 
 15881 12278997000000 
 15885 12291939000000 
 15889 12291893000000 
 15893 12291851000000 
 15897 12286921000000 
 15901 12277142000000 
 15905 12270381000000 
 15909 12262240000000 
 15913 12234267000000 
 15917 12213048000000 
 15921 12204251000000 
 15925 12191093000000 
 15929 12184753000000 
 15933 12183076000000 
 15937 12181542000000 
 15941 12177147000000 
 15945 12175817000000 
 15949 12172686000000 
 15953 12172669000000 
 15957 12169402000000 
 15961 12167755000000 
 15965 12169243000000 
 15969 12133303000000 
 15973 12102038000000 
 15977 12064184000000 
 15981 11965927000000 
 15985 11867008000000 
 15989 11740785000000 
 15993 11649973000000 
 15997 11588174000000 
 13601 663380000000 
 13605 2720838700000 
 13609 3153962300000 
 13613 3599124300000 
 13617 4115686500000 
 13621 4735358900000 
 13625 5515409900000 
 13629 6391366400000 
 13633 7418645400000 
 13637 8627104900000 
 13641 9623588200000 
 13645 10301237000000 
 13649 10679833000000 
 13653 10925352000000 
 13657 11102959000000 
 13661 11260777000000 
 13665 11391035000000 
 13669 11505957000000 
 13673 11624264000000 
 13677 11737613000000 
 13681 11864852000000 
 13685 11991264000000 
 13689 12108789000000 
 13693 12223344000000 
 13697 12333883000000 
 13701 12465682000000 
 13705 12546233000000 
 13709 12595789000000 
 13713 12626986000000 
 13717 12651835000000 
 13721 12651709000000 
 13725 12615434000000 
 13729 12563961000000 
 13733 12500815000000 
 13737 12415701000000 
 13741 12335755000000 
 13745 12277677000000 
 13749 12242965000000 
 13753 12230068000000 
 13757 12248434000000 
 13761 12278647000000 
 13765 12301884000000 
 13769 12376662000000 
 13773 12446540000000 
 13777 12527740000000 
 13781 12604184000000 
 13785 12680041000000 
 13789 12746271000000 
 13793 12793965000000 
 13797 12816868000000 
 13801 663380000000 
 13805 12010990000000 
 13809 11842562000000 
 13813 11771986000000 
 13817 11708519000000 
 13821 11652632000000 
 13825 11610120000000 
 13829 11560432000000 
 13833 11521761000000 
 13837 11512202000000 
 13841 11511079000000 
 13845 11502893000000 
 13849 11519376000000 
 13853 11555411000000 
 13857 11585131000000 
 13861 11630874000000 
 13865 11676286000000 
 13869 11700891000000 
 13873 11726830000000 
 13877 11737868000000 
 13881 11731479000000 
 13885 11722705000000 
 13889 11711322000000 
 13893 11682438000000 
 13897 11664049000000 
 13901 11614920000000 
 13905 11571867000000 
 13909 11550392000000 
 13913 11524074000000 
 13917 11510974000000 
 13921 11519353000000 
 13925 11555635000000 
 13929 11592158000000 
 13933 11652535000000 
 13937 11723903000000 
 13941 11797572000000 
 13945 11854223000000 
 13949 11917838000000 
 13953 11982011000000 
 13957 12028953000000 
 13961 12048444000000 
 13965 12064436000000 
 13969 12076943000000 
 13973 12083248000000 
 13977 12091516000000 
 13981 12086514000000 
 13985 12089845000000 
 13989 12088164000000 
 13993 12086519000000 
 13997 12086519000000 
 14001 12086519000000 
 14005 12084869000000 
 14009 12086445000000 
 14013 12086445000000 
 14017 12071540000000 
 14021 12052154000000 
 14025 12015801000000 
 14029 11981108000000 
 14033 11951670000000 
 14037 11892694000000 
 14041 11857541000000 
 14045 11797541000000 
 14049 11765288000000 
 14053 11737907000000 
 14057 11736166000000 
 14061 11738183000000 
 14065 11756581000000 
 14069 11783056000000 
 14073 11811205000000 
 14077 11837276000000 
 14081 11855270000000 
 14085 11869937000000 
 14089 11871606000000 
 14093 11879457000000 
 14097 11881084000000 
 14101 11877750000000 
 14105 11861353000000 
 14109 11853069000000 
 14113 11839766000000 
 14117 11831365000000 
 14121 11823519000000 
 14125 11823564000000 
 14129 11833629000000 
 14133 11843483000000 
 14137 11856787000000 
 14141 11884795000000 
 14145 11899745000000 
 14149 11936079000000 
 14153 11975275000000 
 14157 12010945000000 
 14161 12040308000000 
 14165 12041812000000 
 14169 12057819000000 
 14173 12049725000000 
 14177 12041629000000 
 14181 12015312000000 
 14185 11987067000000 
 14189 11950741000000 
 14193 11920741000000 
 14197 11885906000000 
 14201 11866346000000 
 14205 11835358000000 
 14209 11816116000000 
 14213 11808156000000 
 14217 11814853000000 
 14221 11828123000000 
 14225 11847847000000 
 14229 11862530000000 
 14233 11877423000000 
 14237 11892133000000 
 14241 11897060000000 
 14245 11897060000000 
 14249 11900296000000 
 14253 11895338000000 
 14257 11893589000000 
 14261 11891943000000 
 14265 11882413000000 
 14269 11879067000000 
 14273 11879067000000 
 14277 11879186000000 
 14281 11880800000000 
 14285 11894087000000 
 14289 11902386000000 
 14293 11922008000000 
 14297 11938753000000 
 14301 11968202000000 
 14305 11998668000000 
 14309 12016492000000 
 14313 12030883000000 
 14317 12030828000000 
 14321 12027382000000 
 14325 12020796000000 
 14329 12017609000000 
 14333 11994813000000 
 14337 11968187000000 
 14341 11950196000000 
 14345 11917854000000 
 14349 11901130000000 
 14353 11879997000000 
 14357 11876751000000 
 14361 11876694000000 
 14365 11880000000000 
 14369 11890129000000 
 14373 11893572000000 
 14377 11903458000000 
 14381 11913437000000 
 14385 11915031000000 
 14389 11920077000000 
 14393 11919985000000 
 14397 11920182000000 
 14401 11923507000000 
 14405 11916838000000 
 14409 11905209000000 
 14413 11889997000000 
 14417 11877124000000 
 14421 11863827000000 
 14425 11857123000000 
 14429 11860337000000 
 14433 11872065000000 
 14437 11880245000000 
 14441 11905426000000 
 14445 11933382000000 
 14449 11966333000000 
 14453 11989461000000 
 14457 12026870000000 
 14461 12054758000000 
 14465 12077213000000 
 14469 12075834000000 
 14473 12080702000000 
 14477 12078937000000 
 14481 12060902000000 
 14485 12025076000000 
 14489 11975260000000 
 14493 11923895000000 
 14497 11876061000000 
 14501 11800657000000 
 14505 11764894000000 
 14509 11718110000000 
 14513 11695440000000 
 14517 11687574000000 
 14521 11684754000000 
 14525 11714564000000 
 14529 11750550000000 
 14533 11783512000000 
 14537 11815015000000 
 14541 11840789000000 
 14545 11858639000000 
 14549 11863572000000 
 14553 11865037000000 
 14557 11868334000000 
 14561 11866665000000 
 14565 11861722000000 
 14569 11856743000000 
 14573 11853404000000 
 14577 11853400000000 
 14581 11851895000000 
 14585 11852030000000 
 14589 11852266000000 
 14593 11871948000000 
 14597 11881737000000 
 14601 11905865000000 
 14605 11935346000000 
 14609 11958007000000 
 14613 11995264000000 
 14617 12019611000000 
 14621 12035798000000 
 14625 12040534000000 
 14629 12043788000000 
 14633 12043620000000 
 14637 12045231000000 
 14641 12043584000000 
 14645 12043584000000 
 14649 12043565000000 
 14653 12041916000000 
 14657 12043565000000 
 14661 12041954000000 
 14665 12048564000000 
 14669 12045231000000 
 14673 12040455000000 
 14677 12035477000000 
 14681 12022097000000 
 14685 11997254000000 
 14689 11977319000000 
 14693 11943214000000 
 14697 11887063000000 
 14701 11819605000000 
 14705 11772268000000 
 14709 11703508000000 
 14713 11661237000000 
 14717 11625461000000 
 14721 11604534000000 
 14725 11609677000000 
 14729 11631189000000 
 14733 11678895000000 
 14737 11735104000000 
 14741 11802264000000 
 14745 11860209000000 
 14749 11928002000000 
 14753 12007590000000 
 14757 12048851000000 
 14761 12068378000000 
 14765 12078070000000 
 14769 12076245000000 
 14773 12061580000000 
 14777 12040218000000 
 14781 12020029000000 
 14785 11995218000000 
 14789 11965402000000 
 14793 11932997000000 
 14797 11910887000000 
 14801 11893113000000 
 14805 11880435000000 
 14809 11891878000000 
 14813 11901522000000 
 14817 11908197000000 
 14821 11924249000000 
 14825 11942145000000 
 14829 11947054000000 
 14833 11950185000000 
 14837 11948647000000 
 14841 11948611000000 
 14845 11937201000000 
 14849 11909016000000 
 14853 11850411000000 
 14857 11749579000000 
 14861 11626429000000 
 14865 11484845000000 
 14869 11351703000000 
 14873 11254448000000 
 14877 11184332000000 
 14881 11141639000000 
 14885 11127340000000 
 14889 11135543000000 
 14893 11197312000000 
 14897 11268614000000 
 14901 11386474000000 
 14905 11529369000000 
 14909 11670302000000 
 14913 11800467000000 
 14917 11899080000000 
 14921 11997199000000 
 14925 12032672000000 
 14929 12049073000000 
 14933 12049231000000 
 14937 12045955000000 
 14941 12016491000000 
 14945 11988644000000 
 14949 11957665000000 
 14953 11923090000000 
 14957 11895264000000 
 14961 11886758000000 
 14965 11885116000000 
 14969 11885470000000 
 14973 11893655000000 
 14977 11909937000000 
 14981 11915096000000 
 14985 11936777000000 
 14989 11951868000000 
 14993 11963133000000 
 14997 11977714000000 
 15001 11976124000000 
 15005 11972975000000 
 15009 11969927000000 
 15013 11969944000000 
 15017 11968284000000 
 15021 11956751000000 
 15025 11951784000000 
 15029 11948366000000 
 15033 11943322000000 
 15037 11941630000000 
 15041 11936941000000 
 15045 11935283000000 
 15049 11933649000000 
 15053 11928692000000 
 15057 11927055000000 
 15061 11923833000000 
 15065 11925491000000 
 15069 11930494000000 
 15073 11930568000000 
 15077 11933869000000 
 15081 11938900000000 
 15085 11950073000000 
 15089 11953671000000 
 15093 11971436000000 
 15097 11995585000000 
 15101 12020054000000 
 15105 12042596000000 
 15109 12072145000000 
 15113 12104955000000 
 15117 12117778000000 
 15121 12124094000000 
 15125 12122223000000 
 15129 12115728000000 
 15133 12110762000000 
 15137 12085928000000 
 15141 12051574000000 
 15145 12006921000000 
 15149 11947494000000 
 15153 11889782000000 
 15157 11802062000000 
 15161 11730723000000 
 15165 11662545000000 
 15169 11618722000000 
 15173 11591150000000 
 15177 11588489000000 
 15181 11588562000000 
 15185 11602579000000 
 15189 11651876000000 
 15193 11702345000000 
 15197 11768427000000 
 15201 11814575000000 
 15205 11853714000000 
 15209 11886325000000 
 15213 11895853000000 
 15217 11890775000000 
 15221 11893887000000 
 15225 11893675000000 
 15229 11875184000000 
 15233 11858914000000 
 15237 11848605000000 
 15241 11835694000000 
 15245 11832900000000 
 15249 11828403000000 
 15253 11833814000000 
 15257 11845487000000 
 15261 11865059000000 
 15265 11897562000000 
 15269 11922206000000 
 15273 11978322000000 
 15277 12031697000000 
 15281 12075411000000 
 15285 12094659000000 
 15289 12105874000000 
 15293 12105752000000 
 15297 12100772000000 
 15301 12071236000000 
 15305 12017243000000 
 15309 11935825000000 
 15313 11864867000000 
 15317 11774531000000 
 15321 11684158000000 
 15325 11602628000000 
 15329 11545345000000 
 15333 11491004000000 
 15337 11466948000000 
 15341 11462412000000 
 15345 11480799000000 
 15349 11522072000000 
 15353 11584893000000 
 15357 11655192000000 
 15361 11711185000000 
 15365 11792360000000 
 15369 11833179000000 
 15373 11877050000000 
 15377 11899948000000 
 15381 11913208000000 
 15385 11919657000000 
 15389 11916419000000 
 15393 11913387000000 
 15397 11913403000000 
 15401 11913403000000 
 15405 11924857000000 
 15409 11941197000000 
 15413 11955734000000 
 15417 11963743000000 
 15421 12001479000000 
 15425 12033625000000 
 15429 12077934000000 
 15433 12108579000000 
 15437 12131513000000 
 15441 12150747000000 
 15445 12153922000000 
 15449 12160253000000 
 15453 12161659000000 
 15457 12156840000000 
 15461 12155098000000 
 15465 12153314000000 
 15469 12145179000000 
 15473 12130268000000 
 15477 12113855000000 
 15481 12100971000000 
 15485 12089173000000 
 15489 12079784000000 
 15493 12066481000000 
 15497 12056793000000 
 15501 12043757000000 
 15505 12034001000000 
 15509 12021102000000 
 15513 12000382000000 
 15517 11988708000000 
 15521 11973934000000 
 15525 11958934000000 
 15529 11950857000000 
 15533 11940820000000 
 15537 11920806000000 
 15541 11920908000000 
 15545 11936287000000 
 15549 11954627000000 
 15553 11976429000000 
 15557 11997976000000 
 15561 12049882000000 
 15565 12087479000000 
 15569 12138186000000 
 15573 12209309000000 
 15577 12272476000000 
 15581 12321970000000 
 15585 12348879000000 
 15589 12363129000000 
 15593 12367435000000 
 15597 12362475000000 
 15601 12356112000000 
 15605 12341381000000 
 15609 12296517000000 
 15613 12269937000000 
 15617 12236887000000 
 15621 12208515000000 
 15625 12198441000000 
 15629 12160980000000 
 15633 12149561000000 
 15637 12136480000000 
 15641 12120788000000 
 15645 12119462000000 
 15649 12116496000000 
 15653 12118153000000 
 15657 12118107000000 
 15661 12124544000000 
 15665 12127847000000 
 15669 12126168000000 
 15673 12119673000000 
 15677 12113172000000 
 15681 12110014000000 
 15685 12106644000000 
 15689 12100168000000 
 15693 12101552000000 
 15697 12108186000000 
 15701 12119529000000 
 15705 12134167000000 
 15709 12135672000000 
 15713 12150448000000 
 15717 12179826000000 
 15721 12201059000000 
 15725 12223559000000 
 15729 12233439000000 
 15733 12249408000000 
 15737 12255976000000 
 15741 12259326000000 
 15745 12260738000000 
 15749 12260773000000 
 15753 12260904000000 
 15757 12255748000000 
 15761 12254267000000 
 15765 12247571000000 
 15769 12242569000000 
 15773 12240738000000 
 15777 12232500000000 
 15781 12229362000000 
 15785 12222922000000 
 15789 12217980000000 
 15793 12216335000000 
 15797 12212998000000 
 15801 12211317000000 
 15805 12208003000000 
 15809 12203059000000 
 15813 12196477000000 
 15817 12193129000000 
 15821 12178222000000 
 15825 12166673000000 
 15829 12153675000000 
 15833 12150366000000 
 15837 12145444000000 
 15841 12138841000000 
 15845 12134139000000 
 15849 12142468000000 
 15853 12145774000000 
 15857 12165186000000 
 15861 12184896000000 
 15865 12204660000000 
 15869 12235992000000 
 15873 12259211000000 
 15877 12275915000000 
 15881 12294245000000 
 15885 12303985000000 
 15889 12300599000000 
 15893 12300510000000 
 15897 12295657000000 
 15901 12287174000000 
 15905 12282185000000 
 15909 12275378000000 
 15913 12252353000000 
 15917 12230904000000 
 15921 12214087000000 
 15925 12197957000000 
 15929 12190072000000 
 15933 12188513000000 
 15937 12182375000000 
 15941 12176519000000 
 15945 12170476000000 
 15949 12172016000000 
 15953 12168760000000 
 15957 12168753000000 
 15961 12163981000000 
 15965 12163939000000 
 15969 12132397000000 
 15973 12100998000000 
 15977 12061950000000 
 15981 11966895000000 
 15985 11858695000000 
 15989 11744445000000 
 15993 11651931000000 
 15997 11590295000000 
 16001 663380000000 
 16005 10454812000000 
 16009 10479175000000 
 16013 10634779000000 
 16017 10853009000000 
 16021 11084892000000 
 16025 11358279000000 
 16029 11644415000000 
 16033 11846826000000 
 16037 12006335000000 
 16041 12110028000000 
 16045 12177983000000 
 16049 12206585000000 
 16053 12222467000000 
 16057 12234747000000 
 16061 12238901000000 
 16065 12245028000000 
 16069 12232115000000 
 16073 12220041000000 
 16077 12181963000000 
 16081 12157097000000 
 16085 12123964000000 
 16089 12094548000000 
 16093 12070178000000 
 16097 12042602000000 
 16101 12030980000000 
 16105 12013382000000 
 16109 11991211000000 
 16113 11970971000000 
 16117 11949016000000 
 16121 11943053000000 
 16125 11940034000000 
 16129 11933826000000 
 16133 11934964000000 
 16137 11928881000000 
 16141 11930544000000 
 16145 11927529000000 
 16149 11927529000000 
 16153 11924293000000 
 16157 11926068000000 
 16161 11924492000000 
 16165 11926093000000 
 16169 11929583000000 
 16173 11927934000000 
 16177 11929624000000 
 16181 11933008000000 
 16185 11942687000000 
 16189 11949323000000 
 16193 11952632000000 
 16197 11967499000000 
 16201 11970814000000 
 16205 11984038000000 
 16209 12003603000000 
 16213 12021560000000 
 16217 12040728000000 
 16221 12053995000000 
 16225 12075107000000 
 16229 12100438000000 
 16233 12113188000000 
 16237 12117537000000 
 16241 12116011000000 
 16245 12112891000000 
 16249 12101306000000 
 16253 12094488000000 
 16257 12068104000000 
 16261 12038673000000 
 16265 11968514000000 
 16269 11886758000000 
 16273 11789908000000 
 16277 11689571000000 
 16281 11585678000000 
 16285 11511368000000 
 16289 11439972000000 
 16293 11392752000000 
 16297 11370738000000 
 16301 11366015000000 
 16305 11384440000000 
 16309 11431348000000 
 16313 11479609000000 
 16317 11555112000000 
 16321 11631345000000 
 16325 11688885000000 
 16329 11744603000000 
 16333 11782290000000 
 16337 11811346000000 
 16341 11819758000000 
 16345 11814518000000 
 16349 11807699000000 
 16353 11778350000000 
 16357 11747107000000 
 16361 11720115000000 
 16365 11697485000000 
 16369 11689801000000 
 16373 11675363000000 
 16377 11664434000000 
 16381 11653795000000 
 16385 11668605000000 
 16389 11693138000000 
 16393 11717548000000 
 16397 11750009000000 
 16401 11773876000000 
 16405 11806052000000 
 16409 11813991000000 
 16413 11811088000000 
 16417 11807911000000 
 16421 11804508000000 
 16425 11783077000000 
 16429 11732256000000 
 16433 11645253000000 
 16437 11545023000000 
 16441 11420116000000 
 16445 11273612000000 
 16449 11127875000000 
 16453 11007782000000 
 16457 10931543000000 
 16461 10904406000000 
 16465 10901379000000 
 16469 10910416000000 
 16473 10974933000000 
 16477 11104903000000 
 16481 11256397000000 
 16485 11422261000000 
 16489 11632482000000 
 16493 11798183000000 
 16497 11937445000000 
 16501 12033487000000 
 16505 12107005000000 
 16509 12133416000000 
 16513 12155602000000 
 16517 12157317000000 
 16521 12147547000000 
 16525 12147557000000 
 16529 12137786000000 
 16533 12104584000000 
 16537 12086055000000 
 16541 12059755000000 
 16545 12027549000000 
 16549 11999826000000 
 16553 11982250000000 
 16557 11964796000000 
 16561 11937415000000 
 16565 11919610000000 
 16569 11919673000000 
 16573 11913481000000 
 16577 11908835000000 
 16581 11905566000000 
 16585 11905446000000 
 16589 11907096000000 
 16593 11907096000000 
 16597 11907096000000 
 16601 11905439000000 
 16605 11903780000000 
 16609 11900565000000 
 16613 11882665000000 
 16617 11877636000000 
 16621 11862854000000 
 16625 11847910000000 
 16629 11829174000000 
 16633 11802725000000 
 16637 11784402000000 
 16641 11772752000000 
 16645 11784594000000 
 16649 11786368000000 
 16653 11802898000000 
 16657 11836064000000 
 16661 11857524000000 
 16665 11893745000000 
 16669 11931398000000 
 16673 11985371000000 
 16677 12039542000000 
 16681 12112043000000 
 16685 12153919000000 
 16689 12195322000000 
 16693 12218728000000 
 16697 12227742000000 
 16701 12224601000000 
 16705 12219116000000 
 16709 12189177000000 
 16713 12144447000000 
 16717 12089407000000 
 16721 12028056000000 
 16725 11927319000000 
 16729 11853456000000 
 16733 11755010000000 
 16737 11642414000000 
 16741 11543385000000 
 16745 11476727000000 
 16749 11425042000000 
 16753 11421523000000 
 16757 11410757000000 
 16761 11422052000000 
 16765 11459636000000 
 16769 11491300000000 
 16773 11546531000000 
 16777 11585311000000 
 16781 11634758000000 
 16785 11659537000000 
 16789 11670525000000 
 16793 11671811000000 
 16797 11662057000000 
 16801 11661854000000 
 16805 11647097000000 
 16809 11640200000000 
 16813 11638106000000 
 16817 11634849000000 
 16821 11646726000000 
 16825 11661566000000 
 16829 11667326000000 
 16833 11698953000000 
 16837 11717158000000 
 16841 11764162000000 
 16845 11823144000000 
 16849 11901322000000 
 16853 11976767000000 
 16857 12041410000000 
 16861 12084867000000 
 16865 12108729000000 
 16869 12118006000000 
 16873 12113269000000 
 16877 12108130000000 
 16881 12064102000000 
 16885 12021273000000 
 16889 11949816000000 
 16893 11873931000000 
 16897 11770823000000 
 16901 11673060000000 
 16905 11563019000000 
 16909 11474782000000 
 16913 11404192000000 
 16917 11363340000000 
 16921 11347182000000 
 16925 11334361000000 
 16929 11349333000000 
 16933 11398666000000 
 16937 11461680000000 
 16941 11547075000000 
 16945 11622410000000 
 16949 11694712000000 
 16953 11759825000000 
 16957 11831857000000 
 16961 11893671000000 
 16965 11920166000000 
 16969 11949718000000 
 16973 11955720000000 
 16977 11962229000000 
 16981 11971560000000 
 16985 11974709000000 
 16989 11968612000000 
 16993 11974905000000 
 16997 11976361000000 
 17001 11970065000000 
 17005 11974732000000 
 17009 11971576000000 
 17013 11970027000000 
 17017 11974765000000 
 17021 11971647000000 
 17025 11973216000000 
 17029 11971604000000 
 17033 11973183000000 
 17037 11971633000000 
 17041 11973183000000 
 17045 11973183000000 
 17049 11971633000000 
 17053 11973183000000 
 17057 11966599000000 
 17061 11958372000000 
 17065 11932168000000 
 17069 11918823000000 
 17073 11892314000000 
 17077 11859562000000 
 17081 11839798000000 
 17085 11823345000000 
 17089 11798538000000 
 17093 11787221000000 
 17097 11767925000000 
 17101 11764964000000 
 17105 11767006000000 
 17109 11786880000000 
 17113 11811675000000 
 17117 11841256000000 
 17121 11865921000000 
 17125 11896989000000 
 17129 11939436000000 
 17133 11982153000000 
 17137 12043447000000 
 17141 12100414000000 
 17145 12143866000000 
 17149 12154376000000 
 17153 12166874000000 
 17157 12179386000000 
 17161 12177358000000 
 17165 12183053000000 
 17169 12175966000000 
 17173 12168935000000 
 17177 12137738000000 
 17181 12112997000000 
 17185 12086535000000 
 17189 12064831000000 
 17193 12047255000000 
 17197 12024410000000 
 17201 12008246000000 
 17205 11998593000000 
 17209 11992437000000 
 17213 11984914000000 
 17217 11978815000000 
 17221 11975806000000 
 17225 11972664000000 
 17229 11974278000000 
 17233 11974278000000 
 17237 11975926000000 
 17241 11975904000000 
 17245 11972590000000 
 17249 11972590000000 
 17253 11974139000000 
 17257 11974139000000 
 17261 11972525000000 
 17265 11979144000000 
 17269 11985474000000 
 17273 12000035000000 
 17277 12011765000000 
 17281 12035981000000 
 17285 12052170000000 
 17289 12074720000000 
 17293 12095732000000 
 17297 12131619000000 
 17301 12164067000000 
 17305 12183527000000 
 17309 12205585000000 
 17313 12218641000000 
 17317 12225109000000 
 17321 12223453000000 
 17325 12220250000000 
 17329 12220316000000 
 17333 12218636000000 
 17337 12210312000000 
 17341 12200312000000 
 17345 12190369000000 
 17349 12164127000000 
 17353 12133147000000 
 17357 12110027000000 
 17361 12088589000000 
 17365 12060643000000 
 17369 12037578000000 
 17373 12021340000000 
 17377 12001550000000 
 17381 11985718000000 
 17385 11969495000000 
 17389 11966449000000 
 17393 11958132000000 
 17397 11961452000000 
 17401 11962975000000 
 17405 11959775000000 
 17409 11961466000000 
 17413 11969752000000 
 17417 11977971000000 
 17421 11997348000000 
 17425 12010731000000 
 17429 12040165000000 
 17433 12053292000000 
 17437 12069800000000 
 17441 12089293000000 
 17445 12112235000000 
 17449 12141739000000 
 17453 12166049000000 
 17457 12180650000000 
 17461 12190556000000 
 17465 12190491000000 
 17469 12188836000000 
 17473 12188834000000 
 17477 12190353000000 
 17481 12187132000000 
 17485 12185583000000 
 17489 12183806000000 
 17493 12180498000000 
 17497 12170697000000 
 17501 12165793000000 
 17505 12164043000000 
 17509 12143051000000 
 17513 12133010000000 
 17517 12116513000000 
 17521 12103410000000 
 17525 12090127000000 
 17529 12078684000000 
 17533 12070518000000 
 17537 12054110000000 
 17541 12032736000000 
 17545 12022734000000 
 17549 12016167000000 
 17553 12011301000000 
 17557 12006660000000 
 17561 12003441000000 
 17565 12001825000000 
 17569 12003439000000 
 17573 12006673000000 
 17577 12016326000000 
 17581 12021427000000 
 17585 12032913000000 
 17589 12039530000000 
 17593 12052874000000 
 17597 12064321000000 
 17601 12080855000000 
 17605 12087532000000 
 17609 12103936000000 
 17613 12130287000000 
 17617 12146915000000 
 17621 12158235000000 
 17625 12173039000000 
 17629 12178107000000 
 17633 12178066000000 
 17637 12179722000000 
 17641 12176492000000 
 17645 12176396000000 
 17649 12173118000000 
 17653 12163288000000 
 17657 12156575000000 
 17661 12138342000000 
 17665 12108637000000 
 17669 12090302000000 
 17673 12067211000000 
 17677 12049120000000 
 17681 12024403000000 
 17685 12011401000000 
 17689 11998371000000 
 17693 11992066000000 
 17697 11982551000000 
 17701 11979692000000 
 17705 11976422000000 
 17709 11981426000000 
 17713 11994397000000 
 17717 12005675000000 
 17721 12028602000000 
 17725 12040204000000 
 17729 12048425000000 
 17733 12056542000000 
 17737 12063149000000 
 17741 12059941000000 
 17745 12056480000000 
 17749 12053221000000 
 17753 12050052000000 
 17757 12051591000000 
 17761 12052949000000 
 17765 12053058000000 
 17769 12056265000000 
 17773 12057921000000 
 17777 12056715000000 
 17781 12068238000000 
 17785 12074817000000 
 17789 12079881000000 
 17793 12088023000000 
 17797 12091375000000 
 17801 12093163000000 
 17805 12096288000000 
 17809 12094604000000 
 17813 12091405000000 
 17817 12091337000000 
 17821 12092990000000 
 17825 12078179000000 
 17829 12066394000000 
 17833 12048099000000 
 17837 12021551000000 
 17841 12003399000000 
 17845 11965808000000 
 17849 11936042000000 
 17853 11889722000000 
 17857 11847552000000 
 17861 11818327000000 
 17865 11782309000000 
 17869 11748566000000 
 17873 11754134000000 
 17877 11775954000000 
 17881 11804365000000 
 17885 11846104000000 
 17889 11879026000000 
 17893 11916912000000 
 17897 11962655000000 
 17901 12024477000000 
 17905 12079960000000 
 17909 12123757000000 
 17913 12170350000000 
 17917 12205072000000 
 17921 12215384000000 
 17925 12223136000000 
 17929 12235460000000 
 17933 12232109000000 
 17937 12233394000000 
 17941 12220226000000 
 17945 12215235000000 
 17949 12206991000000 
 17953 12198823000000 
 17957 12190829000000 
 17961 12171262000000 
 17965 12159594000000 
 17969 12151418000000 
 17973 12138214000000 
 17977 12135118000000 
 17981 12128631000000 
 17985 12122116000000 
 17989 12113865000000 
 17993 12110683000000 
 17997 12104069000000 
 18001 12095916000000 
 18005 12085933000000 
 18009 12074503000000 
 18013 12048297000000 
 18017 12025272000000 
 18021 11998989000000 
 18025 11979047000000 
 18029 11966077000000 
 18033 11942776000000 
 18037 11927811000000 
 18041 11913181000000 
 18045 11905156000000 
 18049 11907697000000 
 18053 11924507000000 
 18057 11937808000000 
 18061 11957791000000 
 18065 11990603000000 
 18069 12026586000000 
 18073 12085354000000 
 18077 12136308000000 
 18081 12185751000000 
 18085 12229626000000 
 18089 12268890000000 
 18093 12295087000000 
 18097 12300305000000 
 18101 12305121000000 
 18105 12303353000000 
 18109 12293458000000 
 18113 12277065000000 
 18117 12233988000000 
 18121 12188992000000 
 18125 12129927000000 
 18129 12075517000000 
 18133 12017593000000 
 18137 11972339000000 
 18141 11932099000000 
 18145 11870862000000 
 18149 11832391000000 
 18153 11809119000000 
 18157 11807780000000 
 18161 11801377000000 
 18165 11812866000000 
 18169 11824332000000 
 18173 11830870000000 
 18177 11835462000000 
 18181 11840261000000 
 18185 11841783000000 
 18189 11837073000000 
 18193 11835533000000 
 18197 11828966000000 
 18201 11812728000000 
 18205 11799509000000 
 18209 11781357000000 
 18213 11763167000000 
 18217 11751312000000 
 18221 11743329000000 
 18225 11744176000000 
 18229 11764461000000 
 18233 11792766000000 
 18237 11825502000000 
 18241 11866588000000 
 18245 11903982000000 
 18249 11964368000000 
 18253 12039667000000 
 18257 12105755000000 
 18261 12142792000000 
 18265 12190303000000 
 18269 12223166000000 
 18273 12224385000000 
 18277 12228833000000 
 18281 12225359000000 
 18285 12210658000000 
 18289 12172236000000 
 18293 12140734000000 
 18297 12102640000000 
 18301 12070964000000 
 18305 12028137000000 
 18309 11996616000000 
 18313 11967439000000 
 18317 11935041000000 
 18321 11919281000000 
 18325 11911715000000 
 18329 11912351000000 
 18333 11917344000000 
 18337 11922539000000 
 18341 11942232000000 
 18345 11944180000000 
 18349 11976813000000 
 18353 11996612000000 
 18357 12022748000000 
 18361 12040379000000 
 18365 12062653000000 
 18369 12073531000000 
 18373 12081274000000 
 18377 12089126000000 
 18381 12087547000000 
 18385 12088914000000 
 18389 12087394000000 
 18393 12085717000000 
 18397 12082596000000 
 18401 12080947000000 
 18405 12080921000000 
 18409 12080921000000 
 18413 12080918000000 
 18417 12080918000000 
 18421 12079235000000 
 18425 12077547000000 
 18429 12079162000000 
 18433 12079196000000 
 18437 12079199000000 
 18441 12082495000000 
 18445 12082495000000 
 18449 12084109000000 
 18453 12084109000000 
 18457 12084109000000 
 18461 12082453000000 
 18465 12079074000000 
 18469 12062486000000 
 18473 12049232000000 
 18477 12024400000000 
 18481 12004761000000 
 18485 11986516000000 
 18489 11960402000000 
 18493 11938913000000 
 18497 11925825000000 
 18501 11924352000000 
 18505 11922748000000 
 18509 11926447000000 
 18513 11949818000000 
 18517 11956992000000 
 18521 11989718000000 
 18525 12028989000000 
 18529 12074928000000 
 18533 12114322000000 
 18537 12172067000000 
 18541 12213003000000 
 18545 12247444000000 
 18549 12263786000000 
 18553 12283400000000 
 18557 12283351000000 
 18561 12281645000000 
 18565 12271750000000 
 18569 12253406000000 
 18573 12227075000000 
 18577 12188852000000 
 18581 12141782000000 
 18585 12110420000000 
 18589 12095482000000 
 18593 12079181000000 
 18597 12060017000000 
 18601 12043921000000 
 18605 12034723000000 
 18609 12036510000000 
 18613 12044801000000 
 18617 12053041000000 
 18621 12067851000000 
 18625 12074352000000 
 18629 12072683000000 
 18633 12074298000000 
 18637 12072683000000 
 18641 12072533000000 
 18645 12062412000000 
 18649 12037728000000 
 18653 12021189000000 
 18657 11988021000000 
 18661 11966167000000 
 18665 11936607000000 
 18669 11920371000000 
 18673 11913749000000 
 18677 11918982000000 
 18681 11932792000000 
 18685 11951027000000 
 18689 11983947000000 
 18693 12040964000000 
 18697 12078295000000 
 18701 12129325000000 
 18705 12189824000000 
 18709 12238650000000 
 18713 12272929000000 
 18717 12285944000000 
 18721 12296999000000 
 18725 12295388000000 
 18729 12290402000000 
 18733 12293764000000 
 18737 12285565000000 
 18741 12278977000000 
 18745 12267317000000 
 18749 12262422000000 
 18753 12252509000000 
 18757 12247505000000 
 18761 12242556000000 
 18765 12240906000000 
 18769 12237621000000 
 18773 12218022000000 
 18777 12201803000000 
 18781 12196815000000 
 18785 12188710000000 
 18789 12180551000000 
 18793 12164149000000 
 18797 12155869000000 
 18801 12141160000000 
 18805 12136194000000 
 18809 12134537000000 
 18813 12132883000000 
 18817 12126171000000 
 18821 12123102000000 
 18825 12122972000000 
 18829 12128104000000 
 18833 12136372000000 
 18837 12146212000000 
 18841 12156230000000 
 18845 12166077000000 
 18849 12177691000000 
 18853 12184305000000 
 18857 12189222000000 
 18861 12197110000000 
 18865 12201804000000 
 18869 12203329000000 
 18873 12203329000000 
 18877 12203329000000 
 18881 12203329000000 
 18885 12203329000000 
 18889 12203294000000 
 18893 12201612000000 
 18897 12196846000000 
 18901 12195229000000 
 18905 12198493000000 
 18909 12198493000000 
 18913 12198496000000 
 18917 12197012000000 
 18921 12198586000000 
 18925 12198487000000 
 18929 12195179000000 
 18933 12191985000000 
 18937 12188931000000 
 18941 12185620000000 
 18945 12177317000000 
 18949 12174028000000 
 18953 12162409000000 
 18957 12154163000000 
 18961 12149430000000 
 18965 12142830000000 
 18969 12139573000000 
 18973 12142763000000 
 18977 12144457000000 
 18981 12146115000000 
 18985 12156161000000 
 18989 12162822000000 
 18993 12166095000000 
 18997 12174390000000 
 19001 12182702000000 
 19005 12182702000000 
 19009 12184186000000 
 19013 12182702000000 
 19017 12182702000000 
 19021 12182702000000 
 19025 12181087000000 
 19029 12179413000000 
 19033 12179413000000 
 19037 12179413000000 
 19041 12177753000000 
 19045 12177753000000 
 19049 12179364000000 
 19053 12181014000000 
 19057 12177726000000 
 19061 12184289000000 
 19065 12184352000000 
 19069 12182734000000 
 19073 12184352000000 
 19077 12184247000000 
 19081 12184316000000 
 19085 12182664000000 
 19089 12177714000000 
 19093 12176059000000 
 19097 12167797000000 
 19101 12164451000000 
 19105 12154496000000 
 19109 12146181000000 
 19113 12142744000000 
 19117 12132879000000 
 19121 12131253000000 
 19125 12131362000000 
 19129 12134696000000 
 19133 12149652000000 
 19137 12157924000000 
 19141 12166253000000 
 19145 12176196000000 
 19149 12179504000000 
 19153 12179509000000 
 19157 12179489000000 
 19161 12176194000000 
 19165 12169661000000 
 19169 12166352000000 
 19173 12163040000000 
 19177 12161364000000 
 19181 12162839000000 
 19185 12159550000000 
 19189 12159550000000 
 19193 12164472000000 
 19197 12166168000000 
 19201 12179221000000 
 19205 12184307000000 
 19209 12201072000000 
 19213 12212671000000 
 19217 12225964000000 
 19221 12229275000000 
 19225 12225966000000 
 19229 12225966000000 
 19233 12220940000000 
 19237 12210957000000 
 19241 12164565000000 
 19245 12141355000000 
 19249 12084707000000 
 19253 12018297000000 
 19257 11955785000000 
 19261 11888114000000 
 19265 11831554000000 
 19269 11764416000000 
 19273 11709867000000 
 19277 11690188000000 
 19281 11692959000000 
 19285 11706999000000 
 19289 11753034000000 
 19293 11819852000000 
 19297 11873463000000 
 19301 11950716000000 
 19305 12014560000000 
 19309 12059591000000 
 19313 12088986000000 
 19317 12106373000000 
 19321 12111146000000 
 19325 12109215000000 
 19329 12110836000000 
 19333 12104229000000 
 19337 12094467000000 
 19341 12087693000000 
 19345 12079568000000 
 19349 12076371000000 
 19353 12070038000000 
 19357 12063816000000 
 19361 12060666000000 
 19365 12060791000000 
 19369 12067029000000 
 19373 12076558000000 
 19377 12091294000000 
 19381 12097680000000 
 19385 12102549000000 
 19389 12104080000000 
 19393 12104083000000 
 19397 12104083000000 
 19401 12103957000000 
 19405 12102345000000 
 19409 12094021000000 
 19413 12090709000000 
 19417 12081006000000 
 19421 12066118000000 
 19425 12051718000000 
 19429 12036935000000 
 19433 12020752000000 
 19437 11998051000000 
 19441 11993263000000 
 19445 11980243000000 
 19449 11975209000000 
 19453 11973618000000 
 19457 11973607000000 
 19461 11972008000000 
 19465 11975381000000 
 19469 11993326000000 
 19473 12004788000000 
 19477 12022851000000 
 19481 12040535000000 
 19485 12058367000000 
 19489 12073078000000 
 19493 12084467000000 
 19497 12095869000000 
 19501 12115006000000 
 19505 12128991000000 
 19509 12141522000000 
 19513 12154112000000 
 19517 12161715000000 
 19521 12173898000000 
 19525 12186282000000 
 19529 12184495000000 
 19533 12182724000000 
 19537 12180938000000 
 19541 12175975000000 
 19545 12167736000000 
 19549 12152767000000 
 19553 12147865000000 
 19557 12139671000000 
 19561 12136445000000 
 19565 12130155000000 
 19569 12130394000000 
 19573 12133702000000 
 19577 12131966000000 
 19581 12132014000000 
 19585 12136996000000 
 19589 12138669000000 
 19593 12133917000000 
 19597 12132421000000 
 19601 12132174000000 
 19605 12110660000000 
 19609 12084195000000 
 19613 12005586000000 
 19617 11922284000000 
 19621 11800739000000 
 19625 11708472000000 
 19629 11627594000000 
 19633 11556743000000 
 19637 11524037000000 
 19641 11502841000000 
 19645 11513168000000 
 19649 11534127000000 
 19653 11585421000000 
 19657 11656137000000 
 19661 11739498000000 
 19665 11846198000000 
 19669 11975033000000 
 19673 12052499000000 
 19677 12124795000000 
 19681 12162347000000 
 19685 12162724000000 
 19689 12150071000000 
 19693 12116281000000 
 19697 12044337000000 
 19701 11937603000000 
 19705 11821034000000 
 19709 11702171000000 
 19713 11616349000000 
 19717 11550275000000 
 19721 11507799000000 
 19725 11479864000000 
 19729 11471486000000 
 19733 11491024000000 
 19737 11523139000000 
 19741 11579672000000 
 19745 11656083000000 
 19749 11746187000000 
 19753 11820608000000 
 19757 11932206000000 
 19761 11995576000000 
 19765 12024698000000 
 19769 12047070000000 
 19773 12046983000000 
 19777 12040574000000 
 19781 12020931000000 
 19785 11983311000000 
 19789 11940429000000 
 19793 11907817000000 
 19797 11876826000000 
 19801 11860283000000 
 19805 11836191000000 
 19809 11831965000000 
 19813 11845233000000 
 19817 11851752000000 
 19821 11880802000000 
 19825 11905490000000 
 19829 11941756000000 
 19833 11972677000000 
 19837 12000582000000 
 19841 12037517000000 
 19845 12075272000000 
 19849 12110804000000 
 19853 12134648000000 
 19857 12142375000000 
 19861 12143855000000 
 19865 12145513000000 
 19869 12143880000000 
 19873 12137251000000 
 19877 12124089000000 
 19881 12094234000000 
 19885 12087840000000 
 19889 12067840000000 
 19893 12058016000000 
 19897 12041728000000 
 19901 12027274000000 
 19905 12020847000000 
 19909 12017691000000 
 19913 12016032000000 
 19917 12011242000000 
 19921 12012979000000 
 19925 12016285000000 
 19929 12026233000000 
 19933 12037685000000 
 19937 12047455000000 
 19941 12063948000000 
 19945 12071970000000 
 19949 12092966000000 
 19953 12096140000000 
 19957 12105771000000 
 19961 12107380000000 
 19965 12112085000000 
 19969 12110468000000 
 19973 12107136000000 
 19977 12102214000000 
 19981 12100388000000 
 19985 12088864000000 
 19989 12077389000000 
 19993 12065896000000 
 19997 12054502000000 
