  8001 156154970000000 
  8005 103125520000000 
  8009 146032420000000 
  8013 170671390000000 
  8017 200471580000000 
  8021 247283000000000 
  8025 297652120000000 
  8029 370073770000000 
  8033 465278880000000 
  8037 604539430000000 
  8041 788779470000000 
  8045 996059510000000 
  8049 1205868300000000 
  8053 1400215500000000 
  8057 1595947000000000 
  8061 1792786300000000 
  8065 2000980000000000 
  8069 2205671000000000 
  8073 2384008600000000 
  8077 2537460400000000 
  8081 1827119400000000 
  8085 1956193500000000 
  8089 2006363000000000 
  8093 2025860400000000 
  8097 2031685900000000 
  8101 2028360800000000 
  8105 2019919700000000 
  8109 2013978200000000 
  8113 2009340400000000 
  8117 2012028900000000 
  8121 2025570400000000 
  8125 2050893300000000 
  8129 2082560000000000 
  8133 2112543600000000 
  8137 2133336200000000 
  8141 2147378800000000 
  8145 2160995600000000 
  8149 2177389200000000 
  8153 2188724800000000 
  8157 2188142100000000 
  8161 2170649800000000 
  8165 2121453500000000 
  8169 2028705900000000 
  8173 1880704400000000 
  8177 1673768300000000 
  8181 1431761000000000 
  8185 1207397200000000 
  8189 1022450900000000 
  8193 882102110000000 
  8197 805797620000000 
  8201 771537180000000 
  8205 775655270000000 
  8209 808850680000000 
  8213 892373660000000 
  8217 1056515400000000 
  8221 1289920600000000 
  8225 1545257400000000 
  8229 1875555400000000 
  8233 2330112500000000 
  8237 2916675800000000 
  8241 3022010500000000 
  8245 3163516400000000 
  8249 3241497100000000 
  8253 3181121500000000 
  8257 2909295000000000 
  8261 2359471900000000 
  8265 2311276600000000 
  8269 2082206600000000 
  8273 1730303600000000 
  8277 1367280600000000 
  8281 1097872400000000 
  8285 910121140000000 
  8289 791531340000000 
  8293 717726760000000 
  8297 678832490000000 
  8301 684486110000000 
  8305 722946670000000 
  8309 781944610000000 
  8313 864966970000000 
  8317 988897760000000 
  8321 1124043400000000 
  8325 1259963700000000 
  8329 1378362400000000 
  8333 1496689100000000 
  8337 1586674600000000 
  8341 1614176500000000 
  8345 1601425200000000 
  8349 1558708800000000 
  8353 1453748500000000 
  8357 1296123200000000 
  8361 1118432000000000 
  8365 959286950000000 
  8369 842068090000000 
  8373 783938380000000 
  8377 770147840000000 
  8381 786101640000000 
  8385 834211270000000 
  8389 949680570000000 
  8393 1158080200000000 
  8397 1406517100000000 
  8401 1688264500000000 
  8405 2067365100000000 
  8409 2561766300000000 
  8413 2486811400000000 
  8417 2427254400000000 
  8421 2360062100000000 
  8425 2794298600000000 
  8429 2534373600000000 
  8433 2057072000000000 
  8437 2129767100000000 
  8441 2064096300000000 
  8445 1849828100000000 
  8449 1576120800000000 
  8453 1299953300000000 
  8457 1078329500000000 
  8461 903716070000000 
  8465 793528280000000 
  8469 719844300000000 
  8473 678056510000000 
  8477 673778230000000 
  8481 701676960000000 
  8485 755332620000000 
  8489 828927390000000 
  8493 919991920000000 
  8497 1038515100000000 
  8501 1160374600000000 
  8505 1286030200000000 
  8509 1404784700000000 
  8513 1520743300000000 
  8517 1635727600000000 
  8521 1741052300000000 
  8525 1829065800000000 
  8529 1891565100000000 
  8533 1921489400000000 
  8537 1918134800000000 
  8541 1888660700000000 
  8545 1845216800000000 
  8549 1795808800000000 
  8553 1756201300000000 
  8557 1727577700000000 
  8561 1717251400000000 
  8565 1727024000000000 
  8569 1752021900000000 
  8573 1806984000000000 
  8577 1916464400000000 
  8581 2089982200000000 
  8585 2287903100000000 
  8589 2509990800000000 
  8593 2040923700000000 
  8597 2301927200000000 
  8601 2563358600000000 
  8605 2139039000000000 
  8609 2367273900000000 
  8613 2512236900000000 
  8617 1779178000000000 
  8621 1792726700000000 
  8625 1695841500000000 
  8629 1499468700000000 
  8633 1230898600000000 
  8637 961051300000000 
  8641 704545070000000 
  8645 490066390000000 
  8649 353721830000000 
  8653 284990620000000 
  8657 251095760000000 
  8661 244896670000000 
  8665 261282140000000 
  8669 303932280000000 
  8673 396747250000000 
  8677 581773480000000 
  8681 885478650000000 
  8685 1274397800000000 
  8689 1703952400000000 
  8693 2216788300000000 
  8697 2845223400000000 
  8701 2899300400000000 
  8705 2768295000000000 
  8709 2410739500000000 
  8713 2631194900000000 
  8717 1748361400000000 
  8721 1622527400000000 
  8725 1384432400000000 
  8729 1138695100000000 
  8733 963780230000000 
  8737 860341020000000 
  8741 811871470000000 
  8745 789877460000000 
  8749 796880260000000 
  8753 842440430000000 
  8757 929886530000000 
  8761 1042200100000000 
  8765 1181505100000000 
  8769 1336966800000000 
  8773 1490646000000000 
  8777 1637557500000000 
  8781 1801268900000000 
  8785 1959888100000000 
  8789 2045238800000000 
  8793 2054309800000000 
  8797 2010670600000000 
  8801 1897381900000000 
  8805 1693423500000000 
  8809 1421654700000000 
  8813 1170065900000000 
  8817 970022370000000 
  8821 832815410000000 
  8825 766967920000000 
  8829 749058220000000 
  8833 766515360000000 
  8837 814500930000000 
  8841 925050380000000 
  8845 1118240200000000 
  8849 1349059300000000 
  8853 1590874000000000 
  8857 1897757800000000 
  8861 2306153300000000 
  8865 2820622300000000 
  8869 2744940200000000 
  8873 2644714700000000 
  8877 2475289000000000 
  8881 2203642100000000 
  8885 2449889000000000 
  8889 1887957500000000 
  8893 1952217300000000 
  8897 1925315600000000 
  8901 1829808800000000 
  8905 1714209800000000 
  8909 1597773500000000 
  8913 1492981700000000 
  8917 1402235800000000 
  8921 1337080500000000 
  8925 1298059100000000 
  8929 1283249500000000 
  8933 1286596800000000 
  8937 1299726900000000 
  8941 1315528500000000 
  8945 1336836700000000 
  8949 1360557700000000 
  8953 1381607100000000 
  8957 1402449400000000 
  8961 1425053500000000 
  8965 1449685700000000 
  8969 1477231200000000 
  8973 1502766500000000 
  8977 1528607200000000 
  8981 1550873900000000 
  8985 1569994000000000 
  8989 1581103800000000 
  8993 1583304000000000 
  8997 1579432500000000 
  9001 1574111000000000 
  9005 1569476600000000 
  9009 1568615600000000 
  9013 1574497900000000 
  9017 1588861300000000 
  9021 1616399400000000 
  9025 1669187700000000 
  9029 1770124100000000 
  9033 1949957400000000 
  9037 2200849900000000 
  9041 2523744300000000 
  9045 2177479200000000 
  9049 2540073400000000 
  9053 2269534300000000 
  9057 2643617200000000 
  9061 2396701200000000 
  9065 2723985200000000 
  9069 2350140700000000 
  9073 2530930500000000 
  9077 1791845500000000 
  9081 1762097000000000 
  9085 1619581100000000 
  9089 1401013300000000 
  9093 1176087900000000 
  9097 969650150000000 
  9101 796035040000000 
  9105 661251400000000 
  9109 560778790000000 
  9113 509752180000000 
  9117 493631390000000 
  9121 517395650000000 
  9125 576865920000000 
  9129 687959400000000 
  9133 860014150000000 
  9137 1069132600000000 
  9141 1295774500000000 
  9145 1530144300000000 
  9149 1814198800000000 
  9153 2131313900000000 
  9157 2439223000000000 
  9161 1957328900000000 
  9165 2148684000000000 
  9169 2238026200000000 
  9173 2252470800000000 
  9177 2214670000000000 
  9181 2153995800000000 
  9185 2106037200000000 
  9189 2078352000000000 
  9193 2073093600000000 
  9197 2089450400000000 
  9201 2130705900000000 
  9205 2214811400000000 
  9209 2361663100000000 
  9213 2557206300000000 
  9217 2032259400000000 
  9221 2277242600000000 
  9225 2502980000000000 
  9229 2014771100000000 
  9233 2223070200000000 
  9237 2360500700000000 
  9241 2427395300000000 
  9245 1598916500000000 
  9249 1625616100000000 
  9253 1573992500000000 
  9257 1495687300000000 
  9261 1403125600000000 
  9265 1327555700000000 
  9269 1277382500000000 
  9273 1250821200000000 
  9277 1243973600000000 
  9281 1256172700000000 
  9285 1282636100000000 
  9289 1324877700000000 
  9293 1383625400000000 
  9297 1445796400000000 
  9301 1518469200000000 
  9305 1602898200000000 
  9309 1700211900000000 
  9313 1797538200000000 
  9317 1890328200000000 
  9321 1972178300000000 
  9325 2037211700000000 
  9329 2086958700000000 
  9333 2141024300000000 
  9337 2204314300000000 
  9341 2285160100000000 
  9345 2390561500000000 
  9349 2541760900000000 
  9353 1944895100000000 
  9357 2178498300000000 
  9361 2374111300000000 
  9365 2597473700000000 
  9369 2059157800000000 
  9373 2267217500000000 
  9377 2403979300000000 
  9381 2514761500000000 
  9385 1748194900000000 
  9389 1815166700000000 
  9393 1798781400000000 
  9397 1750608100000000 
  9401 1681254500000000 
  9405 1611565800000000 
  9409 1548439400000000 
  9413 1495325700000000 
  9417 1465440400000000 
  9421 1462303100000000 
  9425 1475452700000000 
  9429 1495599000000000 
  9433 1528084400000000 
  9437 1581881200000000 
  9441 1653416900000000 
  9445 1750737600000000 
  9449 1869903700000000 
  9453 2000201500000000 
  9457 2128443200000000 
  9461 2225522400000000 
  9465 2293110300000000 
  9469 2332832200000000 
  9473 2346809600000000 
  9477 2340072700000000 
  9481 2327863600000000 
  9485 2326717500000000 
  9489 2339694300000000 
  9493 2369327200000000 
  9497 2419078700000000 
  9501 2527936900000000 
  9505 1924304100000000 
  9509 2220328400000000 
  9513 2517676800000000 
  9517 2119790300000000 
  9521 2442963900000000 
  9525 2089704800000000 
  9529 2371904000000000 
  9533 2614303500000000 
  9537 2057121200000000 
  9541 2179427600000000 
  9545 2196854600000000 
  9549 2139749100000000 
  9553 2017108100000000 
  9557 1859031600000000 
  9561 1682296100000000 
  9565 1518173100000000 
  9569 1389509000000000 
  9573 1298292800000000 
  9577 1250836300000000 
  9581 1237049400000000 
  9585 1245411300000000 
  9589 1268045100000000 
  9593 1302538100000000 
  9597 1351718900000000 
  9601 1407011400000000 
  9605 1460595700000000 
  9609 1520289700000000 
  9613 1590159500000000 
  9617 1665229200000000 
  9621 1752650400000000 
  9625 1861556300000000 
  9629 1987444300000000 
  9633 2132875900000000 
  9637 2321837100000000 
  9641 2567467600000000 
  9645 2118414600000000 
  9649 2428971800000000 
  9653 2072103500000000 
  9657 2398412400000000 
  9661 2741249000000000 
  9665 2358192700000000 
  9669 2612230200000000 
  9673 2077720000000000 
  9677 2228995900000000 
  9681 2278792700000000 
  9685 2274306000000000 
  9689 2235107000000000 
  9693 2175461000000000 
  9697 2108200800000000 
  9701 2050555800000000 
  9705 2015637100000000 
  9709 2018562200000000 
  9713 2041761700000000 
  9717 2075161100000000 
  9721 2107331500000000 
  9725 2146078400000000 
  9729 2201445700000000 
  9733 2277046100000000 
  9737 2376293800000000 
  9741 2470467400000000 
  9745 1716028000000000 
  9749 1790197800000000 
  9753 1767104600000000 
  9757 1684036600000000 
  9761 1545567100000000 
  9765 1371843300000000 
  9769 1211058600000000 
  9773 1086388100000000 
  9777 1006523200000000 
  9781 963997210000000 
  9785 960168520000000 
  9789 995231420000000 
  9793 1084595200000000 
  9797 1246465500000000 
  9801 1438509200000000 
  9805 1668232700000000 
  9809 1997439800000000 
  9813 2442679000000000 
  9817 2313048600000000 
  9821 2856857400000000 
  9825 2867866300000000 
  9829 2779677900000000 
  9833 2526340400000000 
  9837 2068355300000000 
  9841 2148066800000000 
  9845 2072731500000000 
  9849 1881834400000000 
  9853 1649943700000000 
  9857 1425684200000000 
  9861 1264968400000000 
  9865 1173327700000000 
  9869 1126842000000000 
  9873 1124342700000000 
  9877 1163967000000000 
  9881 1230680100000000 
  9885 1305457000000000 
  9889 1390533000000000 
  9893 1496248700000000 
  9897 1624211200000000 
  9901 1789543900000000 
  9905 1977692700000000 
  9909 2155335300000000 
  9913 2283144700000000 
  9917 2351208700000000 
  9921 2364208300000000 
  9925 2306026100000000 
  9929 2154587100000000 
  9933 1926820900000000 
  9937 1671263400000000 
  9941 1444769900000000 
  9945 1294927500000000 
  9949 1215384200000000 
  9953 1192844300000000 
  9957 1213590800000000 
  9961 1273381100000000 
  9965 1386221900000000 
  9969 1547548900000000 
  9973 1765857600000000 
  9977 2067733500000000 
  9981 2445299400000000 
  9985 2182082300000000 
  9989 2606725000000000 
  9993 2399058500000000 
  9997 2777768400000000 
 10001 2477285300000000 
 10005 2050626100000000 
 10009 2232717600000000 
 10013 2335559800000000 
 10017 2367450500000000 
 10021 2330784600000000 
 10025 2250378200000000 
 10029 2149949500000000 
 10033 2032452400000000 
 10037 1920581600000000 
 10041 1812091800000000 
 10045 1710698500000000 
 10049 1635984300000000 
 10053 1580324400000000 
 10057 1548877300000000 
 10061 1535414700000000 
 10065 1540680600000000 
 10069 1563070500000000 
 10073 1605618700000000 
 10077 1677423000000000 
 10081 1796071300000000 
 10085 1965596800000000 
 10089 2181000200000000 
 10093 2443651400000000 
 10097 2056260100000000 
 10101 2384329800000000 
 10105 2754462700000000 
 10109 2412851500000000 
 10113 2694166800000000 
 10117 2165831700000000 
 10121 2307209000000000 
 10125 2324586200000000 
 10129 2249755500000000 
 10133 2110179300000000 
 10137 1939348500000000 
 10141 1775519400000000 
 10145 1652563400000000 
 10149 1569737100000000 
 10153 1530575400000000 
 10157 1540529400000000 
 10161 1596713400000000 
 10165 1681493300000000 
 10169 1801332100000000 
 10173 1975835200000000 
 10177 2208198900000000 
 10181 2478641800000000 
 10185 2120448600000000 
 10189 2423465700000000 
 10193 2684513800000000 
 10197 2048763100000000 
 10201 2098494400000000 
 10205 2038493300000000 
 10209 1815560200000000 
 10213 1467435300000000 
 10217 1101889000000000 
 10221 799394590000000 
 10225 594331590000000 
 10229 486523910000000 
 10233 434666060000000 
 10237 418475070000000 
 10241 435995750000000 
 10245 502777570000000 
 10249 632087270000000 
 10253 854709630000000 
 10257 1173400900000000 
 10261 1533824300000000 
 10265 1950070100000000 
 10269 2457501200000000 
 10273 2414643900000000 
 10277 2965427400000000 
 10281 2833396100000000 
 10285 2484229400000000 
 10289 1943838300000000 
 10293 1976159600000000 
 10297 1843965900000000 
 10301 1638891500000000 
 10305 1409495700000000 
 10309 1240981500000000 
 10313 1166132600000000 
 10317 1136979100000000 
 10321 1139659700000000 
 10325 1175840000000000 
 10329 1254674900000000 
 10333 1368168900000000 
 10337 1491260000000000 
 10341 1642515500000000 
 10345 1837505500000000 
 10349 2060977100000000 
 10353 2306740900000000 
 10357 2557087100000000 
 10361 2047313900000000 
 10365 2195211200000000 
 10369 2235956300000000 
 10373 2192412100000000 
 10377 2064482900000000 
 10381 1862265200000000 
 10385 1614706200000000 
 10389 1380096400000000 
 10393 1200090800000000 
 10397 1083426200000000 
 10401 1023490200000000 
 10405 1010836600000000 
 10409 1032520300000000 
 10413 1091937500000000 
 10417 1196713300000000 
 10421 1342714600000000 
 10425 1513564300000000 
 10429 1734657200000000 
 10433 2033520000000000 
 10437 2402697000000000 
 10441 2858986000000000 
 10445 2657685800000000 
 10449 2421463400000000 
 10453 2830350500000000 
 10457 2583298500000000 
 10461 2280627700000000 
 10465 2569846000000000 
 10469 2176671700000000 
 10473 2410200000000000 
 10477 2593351100000000 
 10481 1985399500000000 
 10485 2122449800000000 
 10489 2196133900000000 
 10493 2229720000000000 
 10497 2233290600000000 
 10501 2214096700000000 
 10505 2175318400000000 
 10509 2123841600000000 
 10513 2068510200000000 
 10517 2020550800000000 
 10521 1990002500000000 
 10525 1984144300000000 
 10529 1999804700000000 
 10533 2035085100000000 
 10537 2082597300000000 
 10541 2139232900000000 
 10545 2219571200000000 
 10549 2346878500000000 
 10553 2509601000000000 
 10557 1964239800000000 
 10561 2173627100000000 
 10565 2320106300000000 
 10569 2413992800000000 
 10573 2454463500000000 
 10577 1536997600000000 
 10581 1528670800000000 
 10585 1440285900000000 
 10589 1345026600000000 
 10593 1263635000000000 
 10597 1220283200000000 
 10601 1208574600000000 
 10605 1222729800000000 
 10609 1262342000000000 
 10613 1360933400000000 
 10617 1508094900000000 
 10621 1700036000000000 
 10625 1968133000000000 
 10629 2340613100000000 
 10633 2809876100000000 
 10637 2707054800000000 
 10641 2593787500000000 
 10645 2411101200000000 
 10649 2716972000000000 
 10653 2245419200000000 
 10657 2339152100000000 
 10661 2273094400000000 
 10665 2086250700000000 
 10669 1823509500000000 
 10673 1551079100000000 
 10677 1354887300000000 
 10681 1239774600000000 
 10685 1185379000000000 
 10689 1182574900000000 
 10693 1222887500000000 
 10697 1299550900000000 
 10701 1393422800000000 
 10705 1507564500000000 
 10709 1660497200000000 
 10713 1865068700000000 
 10717 2113542000000000 
 10721 2398081900000000 
 10725 2680610300000000 
 10729 2126093700000000 
 10733 2280084600000000 
 10737 2326980800000000 
 10741 2287224800000000 
 10745 2173085800000000 
 10749 2026648700000000 
 10753 1888582900000000 
 10757 1777830400000000 
 10761 1713754300000000 
 10765 1695765900000000 
 10769 1715408800000000 
 10773 1785360700000000 
 10777 1934523500000000 
 10781 2146381400000000 
 10785 2415766500000000 
 10789 2772390500000000 
 10793 2464427500000000 
 10797 2159648800000000 
 10801 2512197200000000 
 10805 2184001700000000 
 10809 2431511100000000 
 10813 1876078900000000 
 10817 1974436200000000 
 10821 1997654600000000 
 10825 1966268900000000 
 10829 1905426800000000 
 10833 1836229100000000 
 10837 1779302500000000 
 10841 1746124200000000 
 10845 1741523300000000 
 10849 1760308000000000 
 10853 1794398500000000 
 10857 1847582900000000 
 10861 1932840200000000 
 10865 2045809700000000 
 10869 2167672300000000 
 10873 2295595000000000 
 10877 2433799900000000 
 10881 1773860600000000 
 10885 1908328200000000 
 10889 1966436300000000 
 10893 1991510600000000 
 10897 2002161300000000 
 10901 2009697700000000 
 10905 2020776700000000 
 10909 2039944000000000 
 10913 2072715300000000 
 10917 2143901900000000 
 10921 2289163400000000 
 10925 2527503900000000 
 10929 2101246000000000 
 10933 2432903100000000 
 10937 2136368900000000 
 10941 2503726300000000 
 10945 2235643800000000 
 10949 2559162800000000 
 10953 2185323400000000 
 10957 2394737400000000 
 10961 2517403600000000 
 10965 1724179400000000 
 10969 1755750300000000 
 10973 1725090300000000 
 10977 1672979700000000 
 10981 1622194600000000 
 10985 1587600500000000 
 10989 1575784000000000 
 10993 1586040600000000 
 10997 1621703500000000 
 11001 1682721500000000 
 11005 1764129900000000 
 11009 1869715400000000 
 11013 2001040900000000 
 11017 2149577300000000 
 11021 2290841700000000 
 11025 2425542000000000 
 11029 2528918800000000 
 11033 1743202100000000 
 11037 1819818400000000 
 11041 1815354900000000 
 11045 1784854700000000 
 11049 1749928700000000 
 11053 1723651600000000 
 11057 1716125200000000 
 11061 1727457300000000 
 11065 1761013200000000 
 11069 1837465200000000 
 11073 1989966200000000 
 11077 2207513800000000 
 11081 2484356300000000 
 11085 2107337000000000 
 11089 2454241900000000 
 11093 2144907100000000 
 11097 2475183200000000 
 11101 2115318300000000 
 11105 2354777300000000 
 11109 2532248300000000 
 11113 1905780100000000 
 11117 2031929700000000 
 11121 2110685800000000 
 11125 2174361700000000 
 11129 2237219400000000 
 11133 2314326900000000 
 11137 2430974600000000 
 11141 1871194600000000 
 11145 2120567100000000 
 11149 2340276500000000 
 11153 2567494500000000 
 11157 2076332100000000 
 11161 2295128100000000 
 11165 2443636600000000 
 11169 1749452400000000 
 11173 1806514000000000 
 11177 1764867800000000 
 11181 1662141800000000 
 11185 1531030100000000 
 11189 1389853200000000 
 11193 1270401200000000 
 11197 1190765000000000 
 11201 1154296700000000 
 11205 1159252900000000 
 11209 1200151800000000 
 11213 1272122100000000 
 11217 1378261600000000 
 11221 1512782200000000 
 11225 1698233100000000 
 11229 1963799700000000 
 11233 2324175300000000 
 11237 2783256800000000 
 11241 2588530500000000 
 11245 2285963700000000 
 11249 2581215800000000 
 11253 2055419400000000 
 11257 2175321800000000 
 11261 2171463500000000 
 11265 2105508000000000 
 11269 2009190700000000 
 11273 1934991100000000 
 11277 1901736200000000 
 11281 1901505300000000 
 11285 1937402600000000 
 11289 2034884700000000 
 11293 2189329600000000 
 11297 2386455100000000 
 11301 2648112200000000 
 11305 2258626600000000 
 11309 2591461800000000 
 11313 2310886300000000 
 11317 2671359500000000 
 11321 2338568900000000 
 11325 2542632400000000 
 11329 1843712000000000 
 11333 1852740700000000 
 11337 1729028400000000 
 11341 1500773100000000 
 11345 1241254800000000 
 11349 1020752900000000 
 11353 849260800000000 
 11357 757902440000000 
 11361 717230600000000 
 11365 714579470000000 
 11369 749811790000000 
 11373 849972810000000 
 11377 1014609700000000 
 11381 1226809300000000 
 11385 1473608800000000 
 11389 1768219300000000 
 11393 2150607700000000 
 11397 2634607100000000 
 11401 2531577900000000 
 11405 2370894800000000 
 11409 2746434200000000 
 11413 2387649100000000 
 11417 2585589000000000 
 11421 1815594300000000 
 11425 1805720700000000 
 11429 1722077100000000 
 11433 1629588600000000 
 11437 1552451300000000 
 11441 1504773000000000 
 11445 1490015600000000 
 11449 1504448600000000 
 11453 1551205700000000 
 11457 1639209800000000 
 11461 1782648600000000 
 11465 1975594400000000 
 11469 2208610800000000 
 11473 2470017200000000 
 11477 2054597300000000 
 11481 2332376000000000 
 11485 2609847700000000 
 11489 2142996700000000 
 11493 2352085100000000 
 11497 2481840300000000 
 11501 1768962200000000 
 11505 1861155300000000 
 11509 1875534500000000 
 11513 1871799500000000 
 11517 1864056900000000 
 11521 1856181800000000 
 11525 1851787900000000 
 11529 1853145200000000 
 11533 1858488100000000 
 11537 1868086300000000 
 11541 1881637600000000 
 11545 1897276700000000 
 11549 1913688100000000 
 11553 1933226800000000 
 11557 1962246400000000 
 11561 2007373800000000 
 11565 2075069000000000 
 11569 2179880700000000 
 11573 2351915300000000 
 11577 2603584400000000 
 11581 2189568400000000 
 11585 2550689600000000 
 11589 2291800700000000 
 11593 2729527800000000 
 11597 2628141700000000 
 11601 2527263400000000 
 11605 2394831000000000 
 11609 2756689900000000 
 11613 2436272500000000 
 11617 1873052600000000 
 11621 1907926000000000 
 11625 1811445500000000 
 11629 1629470900000000 
 11633 1399844400000000 
 11637 1207055900000000 
 11641 1081081500000000 
 11645 990672090000000 
 11649 938132740000000 
 11653 934532640000000 
 11657 976662040000000 
 11661 1047603700000000 
 11665 1158171700000000 
 11669 1315566500000000 
 11673 1506442900000000 
 11677 1727646500000000 
 11681 2021824800000000 
 11685 2386104800000000 
 11689 2812537500000000 
 11693 2399674500000000 
 11697 2592428700000000 
 11701 1812937300000000 
 11705 1804052000000000 
 11709 1622296400000000 
 11713 1352067300000000 
 11717 1083502700000000 
 11721 915547240000000 
 11725 873784380000000 
 11729 888490420000000 
 11733 928128440000000 
 11737 1031207800000000 
 11741 1225246100000000 
 11745 1474984400000000 
 11749 1811061700000000 
 11753 2305169500000000 
 11757 2935311500000000 
 11761 3047243100000000 
 11765 3195498700000000 
 11769 3396268000000000 
 11773 3495605000000000 
 11777 3293374800000000 
 11781 2783799400000000 
 11785 1902425400000000 
 11789 1617041800000000 
 11793 1219599200000000 
 11797 857699390000000 
 11801 569517900000000 
 11805 401832290000000 
 11809 333341230000000 
 11813 297645380000000 
 11817 288820130000000 
 11821 301787340000000 
 11825 341312250000000 
 11829 428335900000000 
 11833 588355290000000 
 11837 841643120000000 
 11841 1163732700000000 
 11845 1496032500000000 
 11849 1860359800000000 
 11853 2272351700000000 
 11857 2724438200000000 
 11861 2395693000000000 
 11865 2666355300000000 
 11869 2041757400000000 
 11873 2147174200000000 
 11877 2127083300000000 
 11881 2058892200000000 
 11885 1978323700000000 
 11889 1918255000000000 
 11893 1900416700000000 
 11897 1916518500000000 
 11901 1963940100000000 
 11905 2051461100000000 
 11909 2220985200000000 
 11913 2496609300000000 
 11917 2138991300000000 
 11921 2520495500000000 
 11925 2290868700000000 
 11929 2721994200000000 
 11933 2575483600000000 
 11937 2400242000000000 
 11941 2774933900000000 
 11945 2500693700000000 
 11949 2109939800000000 
 11953 2318608100000000 
 11957 2469473900000000 
 11961 1774445300000000 
 11965 1870895000000000 
 11969 1898890900000000 
 11973 1895769900000000 
 11977 1876523400000000 
 11981 1845629000000000 
 11985 1805825000000000 
 11989 1759994800000000 
 11993 1704897800000000 
 11997 1647574300000000 
  8001 156154970000000 
  8005 103125520000000 
  8009 146032420000000 
  8013 170671390000000 
  8017 200471580000000 
  8021 247283000000000 
  8025 297652120000000 
  8029 370073770000000 
  8033 465278880000000 
  8037 604539430000000 
  8041 788779470000000 
  8045 996059510000000 
  8049 1205868300000000 
  8053 1400215500000000 
  8057 1595947000000000 
  8061 1792786300000000 
  8065 2000980000000000 
  8069 2205671000000000 
  8073 2384008600000000 
  8077 2537460400000000 
  8081 1827119400000000 
  8085 1956193500000000 
  8089 2006363000000000 
  8093 2025860400000000 
  8097 2031685900000000 
  8101 2028360800000000 
  8105 2019919700000000 
  8109 2013978200000000 
  8113 2009340400000000 
  8117 2012028900000000 
  8121 2025570400000000 
  8125 2050893300000000 
  8129 2082560000000000 
  8133 2112543600000000 
  8137 2133336200000000 
  8141 2147378800000000 
  8145 2160995600000000 
  8149 2177389200000000 
  8153 2188724800000000 
  8157 2188142100000000 
  8161 2170649800000000 
  8165 2121453500000000 
  8169 2028705900000000 
  8173 1880704400000000 
  8177 1673768300000000 
  8181 1431761000000000 
  8185 1207397200000000 
  8189 1022450900000000 
  8193 882102110000000 
  8197 805797620000000 
  8201 771537180000000 
  8205 775655270000000 
  8209 808850680000000 
  8213 892373660000000 
  8217 1056515400000000 
  8221 1289920600000000 
  8225 1545257400000000 
  8229 1875555400000000 
  8233 2330112500000000 
  8237 2916675800000000 
  8241 3022010500000000 
  8245 3163516400000000 
  8249 3241497100000000 
  8253 3181121500000000 
  8257 2909295000000000 
  8261 2359471900000000 
  8265 2311276600000000 
  8269 2082206600000000 
  8273 1730303600000000 
  8277 1367280600000000 
  8281 1097872400000000 
  8285 910121140000000 
  8289 791531340000000 
  8293 717726760000000 
  8297 678832490000000 
  8301 684486110000000 
  8305 722946670000000 
  8309 781944610000000 
  8313 864966970000000 
  8317 988897760000000 
  8321 1124043400000000 
  8325 1259963700000000 
  8329 1378362400000000 
  8333 1496689100000000 
  8337 1586674600000000 
  8341 1614176500000000 
  8345 1601425200000000 
  8349 1558708800000000 
  8353 1453748500000000 
  8357 1296123200000000 
  8361 1118432000000000 
  8365 959286950000000 
  8369 842068090000000 
  8373 783938380000000 
  8377 770147840000000 
  8381 786101640000000 
  8385 834211270000000 
  8389 949680570000000 
  8393 1158080200000000 
  8397 1406517100000000 
  8401 1688264500000000 
  8405 2067365100000000 
  8409 2561766300000000 
  8413 2486811400000000 
  8417 2427254400000000 
  8421 2360062100000000 
  8425 2794298600000000 
  8429 2534373600000000 
  8433 2057072000000000 
  8437 2129767100000000 
  8441 2064096300000000 
  8445 1849828100000000 
  8449 1576120800000000 
  8453 1299953300000000 
  8457 1078329500000000 
  8461 903716070000000 
  8465 793528280000000 
  8469 719844300000000 
  8473 678056510000000 
  8477 673778230000000 
  8481 701676960000000 
  8485 755332620000000 
  8489 828927390000000 
  8493 919991920000000 
  8497 1038515100000000 
  8501 1160374600000000 
  8505 1286030200000000 
  8509 1404784700000000 
  8513 1520743300000000 
  8517 1635727600000000 
  8521 1741052300000000 
  8525 1829065800000000 
  8529 1891565100000000 
  8533 1921489400000000 
  8537 1918134800000000 
  8541 1888660700000000 
  8545 1845216800000000 
  8549 1795808800000000 
  8553 1756201300000000 
  8557 1727577700000000 
  8561 1717251400000000 
  8565 1727024000000000 
  8569 1752021900000000 
  8573 1806984000000000 
  8577 1916464400000000 
  8581 2089982200000000 
  8585 2287903100000000 
  8589 2509990800000000 
  8593 2040923700000000 
  8597 2301927200000000 
  8601 2563358600000000 
  8605 2139039000000000 
  8609 2367273900000000 
  8613 2512236900000000 
  8617 1779178000000000 
  8621 1792726700000000 
  8625 1695841500000000 
  8629 1499468700000000 
  8633 1230898600000000 
  8637 961051300000000 
  8641 704545070000000 
  8645 490066390000000 
  8649 353721830000000 
  8653 284990620000000 
  8657 251095760000000 
  8661 244896670000000 
  8665 261282140000000 
  8669 303932280000000 
  8673 396747250000000 
  8677 581773480000000 
  8681 885478650000000 
  8685 1274397800000000 
  8689 1703952400000000 
  8693 2216788300000000 
  8697 2845223400000000 
  8701 2899300400000000 
  8705 2768295000000000 
  8709 2410739500000000 
  8713 2631194900000000 
  8717 1748361400000000 
  8721 1622527400000000 
  8725 1384432400000000 
  8729 1138695100000000 
  8733 963780230000000 
  8737 860341020000000 
  8741 811871470000000 
  8745 789877460000000 
  8749 796880260000000 
  8753 842440430000000 
  8757 929886530000000 
  8761 1042200100000000 
  8765 1181505100000000 
  8769 1336966800000000 
  8773 1490646000000000 
  8777 1637557500000000 
  8781 1801268900000000 
  8785 1959888100000000 
  8789 2045238800000000 
  8793 2054309800000000 
  8797 2010670600000000 
  8801 1897381900000000 
  8805 1693423500000000 
  8809 1421654700000000 
  8813 1170065900000000 
  8817 970022370000000 
  8821 832815410000000 
  8825 766967920000000 
  8829 749058220000000 
  8833 766515360000000 
  8837 814500930000000 
  8841 925050380000000 
  8845 1118240200000000 
  8849 1349059300000000 
  8853 1590874000000000 
  8857 1897757800000000 
  8861 2306153300000000 
  8865 2820622300000000 
  8869 2744940200000000 
  8873 2644714700000000 
  8877 2475289000000000 
  8881 2203642100000000 
  8885 2449889000000000 
  8889 1887957500000000 
  8893 1952217300000000 
  8897 1925315600000000 
  8901 1829808800000000 
  8905 1714209800000000 
  8909 1597773500000000 
  8913 1492981700000000 
  8917 1402235800000000 
  8921 1337080500000000 
  8925 1298059100000000 
  8929 1283249500000000 
  8933 1286596800000000 
  8937 1299726900000000 
  8941 1315528500000000 
  8945 1336836700000000 
  8949 1360557700000000 
  8953 1381607100000000 
  8957 1402449400000000 
  8961 1425053500000000 
  8965 1449685700000000 
  8969 1477231200000000 
  8973 1502766500000000 
  8977 1528607200000000 
  8981 1550873900000000 
  8985 1569994000000000 
  8989 1581103800000000 
  8993 1583304000000000 
  8997 1579432500000000 
  9001 1574111000000000 
  9005 1569476600000000 
  9009 1568615600000000 
  9013 1574497900000000 
  9017 1588861300000000 
  9021 1616399400000000 
  9025 1669187700000000 
  9029 1770124100000000 
  9033 1949957400000000 
  9037 2200849900000000 
  9041 2523744300000000 
  9045 2177479200000000 
  9049 2540073400000000 
  9053 2269534300000000 
  9057 2643617200000000 
  9061 2396701200000000 
  9065 2723985200000000 
  9069 2350140700000000 
  9073 2530930500000000 
  9077 1791845500000000 
  9081 1762097000000000 
  9085 1619581100000000 
  9089 1401013300000000 
  9093 1176087900000000 
  9097 969650150000000 
  9101 796035040000000 
  9105 661251400000000 
  9109 560778790000000 
  9113 509752180000000 
  9117 493631390000000 
  9121 517395650000000 
  9125 576865920000000 
  9129 687959400000000 
  9133 860014150000000 
  9137 1069132600000000 
  9141 1295774500000000 
  9145 1530144300000000 
  9149 1814198800000000 
  9153 2131313900000000 
  9157 2439223000000000 
  9161 1957328900000000 
  9165 2148684000000000 
  9169 2238026200000000 
  9173 2252470800000000 
  9177 2214670000000000 
  9181 2153995800000000 
  9185 2106037200000000 
  9189 2078352000000000 
  9193 2073093600000000 
  9197 2089450400000000 
  9201 2130705900000000 
  9205 2214811400000000 
  9209 2361663100000000 
  9213 2557206300000000 
  9217 2032259400000000 
  9221 2277242600000000 
  9225 2502980000000000 
  9229 2014771100000000 
  9233 2223070200000000 
  9237 2360500700000000 
  9241 2427395300000000 
  9245 1598916500000000 
  9249 1625616100000000 
  9253 1573992500000000 
  9257 1495687300000000 
  9261 1403125600000000 
  9265 1327555700000000 
  9269 1277382500000000 
  9273 1250821200000000 
  9277 1243973600000000 
  9281 1256172700000000 
  9285 1282636100000000 
  9289 1324877700000000 
  9293 1383625400000000 
  9297 1445796400000000 
  9301 1518469200000000 
  9305 1602898200000000 
  9309 1700211900000000 
  9313 1797538200000000 
  9317 1890328200000000 
  9321 1972178300000000 
  9325 2037211700000000 
  9329 2086958700000000 
  9333 2141024300000000 
  9337 2204314300000000 
  9341 2285160100000000 
  9345 2390561500000000 
  9349 2541760900000000 
  9353 1944895100000000 
  9357 2178498300000000 
  9361 2374111300000000 
  9365 2597473700000000 
  9369 2059157800000000 
  9373 2267217500000000 
  9377 2403979300000000 
  9381 2514761500000000 
  9385 1748194900000000 
  9389 1815166700000000 
  9393 1798781400000000 
  9397 1750608100000000 
  9401 1681254500000000 
  9405 1611565800000000 
  9409 1548439400000000 
  9413 1495325700000000 
  9417 1465440400000000 
  9421 1462303100000000 
  9425 1475452700000000 
  9429 1495599000000000 
  9433 1528084400000000 
  9437 1581881200000000 
  9441 1653416900000000 
  9445 1750737600000000 
  9449 1869903700000000 
  9453 2000201500000000 
  9457 2128443200000000 
  9461 2225522400000000 
  9465 2293110300000000 
  9469 2332832200000000 
  9473 2346809600000000 
  9477 2340072700000000 
  9481 2327863600000000 
  9485 2326717500000000 
  9489 2339694300000000 
  9493 2369327200000000 
  9497 2419078700000000 
  9501 2527936900000000 
  9505 1924304100000000 
  9509 2220328400000000 
  9513 2517676800000000 
  9517 2119790300000000 
  9521 2442963900000000 
  9525 2089704800000000 
  9529 2371904000000000 
  9533 2614303500000000 
  9537 2057121200000000 
  9541 2179427600000000 
  9545 2196854600000000 
  9549 2139749100000000 
  9553 2017108100000000 
  9557 1859031600000000 
  9561 1682296100000000 
  9565 1518173100000000 
  9569 1389509000000000 
  9573 1298292800000000 
  9577 1250836300000000 
  9581 1237049400000000 
  9585 1245411300000000 
  9589 1268045100000000 
  9593 1302538100000000 
  9597 1351718900000000 
  9601 1407011400000000 
  9605 1460595700000000 
  9609 1520289700000000 
  9613 1590159500000000 
  9617 1665229200000000 
  9621 1752650400000000 
  9625 1861556300000000 
  9629 1987444300000000 
  9633 2132875900000000 
  9637 2321837100000000 
  9641 2567467600000000 
  9645 2118414600000000 
  9649 2428971800000000 
  9653 2072103500000000 
  9657 2398412400000000 
  9661 2741249000000000 
  9665 2358192700000000 
  9669 2612230200000000 
  9673 2077720000000000 
  9677 2228995900000000 
  9681 2278792700000000 
  9685 2274306000000000 
  9689 2235107000000000 
  9693 2175461000000000 
  9697 2108200800000000 
  9701 2050555800000000 
  9705 2015637100000000 
  9709 2018562200000000 
  9713 2041761700000000 
  9717 2075161100000000 
  9721 2107331500000000 
  9725 2146078400000000 
  9729 2201445700000000 
  9733 2277046100000000 
  9737 2376293800000000 
  9741 2470467400000000 
  9745 1716028000000000 
  9749 1790197800000000 
  9753 1767104600000000 
  9757 1684036600000000 
  9761 1545567100000000 
  9765 1371843300000000 
  9769 1211058600000000 
  9773 1086388100000000 
  9777 1006523200000000 
  9781 963997210000000 
  9785 960168520000000 
  9789 995231420000000 
  9793 1084595200000000 
  9797 1246465500000000 
  9801 1438509200000000 
  9805 1668232700000000 
  9809 1997439800000000 
  9813 2442679000000000 
  9817 2313048600000000 
  9821 2856857400000000 
  9825 2867866300000000 
  9829 2779677900000000 
  9833 2526340400000000 
  9837 2068355300000000 
  9841 2148066800000000 
  9845 2072731500000000 
  9849 1881834400000000 
  9853 1649943700000000 
  9857 1425684200000000 
  9861 1264968400000000 
  9865 1173327700000000 
  9869 1126842000000000 
  9873 1124342700000000 
  9877 1163967000000000 
  9881 1230680100000000 
  9885 1305457000000000 
  9889 1390533000000000 
  9893 1496248700000000 
  9897 1624211200000000 
  9901 1789543900000000 
  9905 1977692700000000 
  9909 2155335300000000 
  9913 2283144700000000 
  9917 2351208700000000 
  9921 2364208300000000 
  9925 2306026100000000 
  9929 2154587100000000 
  9933 1926820900000000 
  9937 1671263400000000 
  9941 1444769900000000 
  9945 1294927500000000 
  9949 1215384200000000 
  9953 1192844300000000 
  9957 1213590800000000 
  9961 1273381100000000 
  9965 1386221900000000 
  9969 1547548900000000 
  9973 1765857600000000 
  9977 2067733500000000 
  9981 2445299400000000 
  9985 2182082300000000 
  9989 2606725000000000 
  9993 2399058500000000 
  9997 2777768400000000 
 10001 2477285300000000 
 10005 2050626100000000 
 10009 2232717600000000 
 10013 2335559800000000 
 10017 2367450500000000 
 10021 2330784600000000 
 10025 2250378200000000 
 10029 2149949500000000 
 10033 2032452400000000 
 10037 1920581600000000 
 10041 1812091800000000 
 10045 1710698500000000 
 10049 1635984300000000 
 10053 1580324400000000 
 10057 1548877300000000 
 10061 1535414700000000 
 10065 1540680600000000 
 10069 1563070500000000 
 10073 1605618700000000 
 10077 1677423000000000 
 10081 1796071300000000 
 10085 1965596800000000 
 10089 2181000200000000 
 10093 2443651400000000 
 10097 2056260100000000 
 10101 2384329800000000 
 10105 2754462700000000 
 10109 2412851500000000 
 10113 2694166800000000 
 10117 2165831700000000 
 10121 2307209000000000 
 10125 2324586200000000 
 10129 2249755500000000 
 10133 2110179300000000 
 10137 1939348500000000 
 10141 1775519400000000 
 10145 1652563400000000 
 10149 1569737100000000 
 10153 1530575400000000 
 10157 1540529400000000 
 10161 1596713400000000 
 10165 1681493300000000 
 10169 1801332100000000 
 10173 1975835200000000 
 10177 2208198900000000 
 10181 2478641800000000 
 10185 2120448600000000 
 10189 2423465700000000 
 10193 2684513800000000 
 10197 2048763100000000 
 10201 2098494400000000 
 10205 2038493300000000 
 10209 1815560200000000 
 10213 1467435300000000 
 10217 1101889000000000 
 10221 799394590000000 
 10225 594331590000000 
 10229 486523910000000 
 10233 434666060000000 
 10237 418475070000000 
 10241 435995750000000 
 10245 502777570000000 
 10249 632087270000000 
 10253 854709630000000 
 10257 1173400900000000 
 10261 1533824300000000 
 10265 1950070100000000 
 10269 2457501200000000 
 10273 2414643900000000 
 10277 2965427400000000 
 10281 2833396100000000 
 10285 2484229400000000 
 10289 1943838300000000 
 10293 1976159600000000 
 10297 1843965900000000 
 10301 1638891500000000 
 10305 1409495700000000 
 10309 1240981500000000 
 10313 1166132600000000 
 10317 1136979100000000 
 10321 1139659700000000 
 10325 1175840000000000 
 10329 1254674900000000 
 10333 1368168900000000 
 10337 1491260000000000 
 10341 1642515500000000 
 10345 1837505500000000 
 10349 2060977100000000 
 10353 2306740900000000 
 10357 2557087100000000 
 10361 2047313900000000 
 10365 2195211200000000 
 10369 2235956300000000 
 10373 2192412100000000 
 10377 2064482900000000 
 10381 1862265200000000 
 10385 1614706200000000 
 10389 1380096400000000 
 10393 1200090800000000 
 10397 1083426200000000 
 10401 1023490200000000 
 10405 1010836600000000 
 10409 1032520300000000 
 10413 1091937500000000 
 10417 1196713300000000 
 10421 1342714600000000 
 10425 1513564300000000 
 10429 1734657200000000 
 10433 2033520000000000 
 10437 2402697000000000 
 10441 2858986000000000 
 10445 2657685800000000 
 10449 2421463400000000 
 10453 2830350500000000 
 10457 2583298500000000 
 10461 2280627700000000 
 10465 2569846000000000 
 10469 2176671700000000 
 10473 2410200000000000 
 10477 2593351100000000 
 10481 1985399500000000 
 10485 2122449800000000 
 10489 2196133900000000 
 10493 2229720000000000 
 10497 2233290600000000 
 10501 2214096700000000 
 10505 2175318400000000 
 10509 2123841600000000 
 10513 2068510200000000 
 10517 2020550800000000 
 10521 1990002500000000 
 10525 1984144300000000 
 10529 1999804700000000 
 10533 2035085100000000 
 10537 2082597300000000 
 10541 2139232900000000 
 10545 2219571200000000 
 10549 2346878500000000 
 10553 2509601000000000 
 10557 1964239800000000 
 10561 2173627100000000 
 10565 2320106300000000 
 10569 2413992800000000 
 10573 2454463500000000 
 10577 1536997600000000 
 10581 1528670800000000 
 10585 1440285900000000 
 10589 1345026600000000 
 10593 1263635000000000 
 10597 1220283200000000 
 10601 1208574600000000 
 10605 1222729800000000 
 10609 1262342000000000 
 10613 1360933400000000 
 10617 1508094900000000 
 10621 1700036000000000 
 10625 1968133000000000 
 10629 2340613100000000 
 10633 2809876100000000 
 10637 2707054800000000 
 10641 2593787500000000 
 10645 2411101200000000 
 10649 2716972000000000 
 10653 2245419200000000 
 10657 2339152100000000 
 10661 2273094400000000 
 10665 2086250700000000 
 10669 1823509500000000 
 10673 1551079100000000 
 10677 1354887300000000 
 10681 1239774600000000 
 10685 1185379000000000 
 10689 1182574900000000 
 10693 1222887500000000 
 10697 1299550900000000 
 10701 1393422800000000 
 10705 1507564500000000 
 10709 1660497200000000 
 10713 1865068700000000 
 10717 2113542000000000 
 10721 2398081900000000 
 10725 2680610300000000 
 10729 2126093700000000 
 10733 2280084600000000 
 10737 2326980800000000 
 10741 2287224800000000 
 10745 2173085800000000 
 10749 2026648700000000 
 10753 1888582900000000 
 10757 1777830400000000 
 10761 1713754300000000 
 10765 1695765900000000 
 10769 1715408800000000 
 10773 1785360700000000 
 10777 1934523500000000 
 10781 2146381400000000 
 10785 2415766500000000 
 10789 2772390500000000 
 10793 2464427500000000 
 10797 2159648800000000 
 10801 2512197200000000 
 10805 2184001700000000 
 10809 2431511100000000 
 10813 1876078900000000 
 10817 1974436200000000 
 10821 1997654600000000 
 10825 1966268900000000 
 10829 1905426800000000 
 10833 1836229100000000 
 10837 1779302500000000 
 10841 1746124200000000 
 10845 1741523300000000 
 10849 1760308000000000 
 10853 1794398500000000 
 10857 1847582900000000 
 10861 1932840200000000 
 10865 2045809700000000 
 10869 2167672300000000 
 10873 2295595000000000 
 10877 2433799900000000 
 10881 1773860600000000 
 10885 1908328200000000 
 10889 1966436300000000 
 10893 1991510600000000 
 10897 2002161300000000 
 10901 2009697700000000 
 10905 2020776700000000 
 10909 2039944000000000 
 10913 2072715300000000 
 10917 2143901900000000 
 10921 2289163400000000 
 10925 2527503900000000 
 10929 2101246000000000 
 10933 2432903100000000 
 10937 2136368900000000 
 10941 2503726300000000 
 10945 2235643800000000 
 10949 2559162800000000 
 10953 2185323400000000 
 10957 2394737400000000 
 10961 2517403600000000 
 10965 1724179400000000 
 10969 1755750300000000 
 10973 1725090300000000 
 10977 1672979700000000 
 10981 1622194600000000 
 10985 1587600500000000 
 10989 1575784000000000 
 10993 1586040600000000 
 10997 1621703500000000 
 11001 1682721500000000 
 11005 1764129900000000 
 11009 1869715400000000 
 11013 2001040900000000 
 11017 2149577300000000 
 11021 2290841700000000 
 11025 2425542000000000 
 11029 2528918800000000 
 11033 1743202100000000 
 11037 1819818400000000 
 11041 1815354900000000 
 11045 1784854700000000 
 11049 1749928700000000 
 11053 1723651600000000 
 11057 1716125200000000 
 11061 1727457300000000 
 11065 1761013200000000 
 11069 1837465200000000 
 11073 1989966200000000 
 11077 2207513800000000 
 11081 2484356300000000 
 11085 2107337000000000 
 11089 2454241900000000 
 11093 2144907100000000 
 11097 2475183200000000 
 11101 2115318300000000 
 11105 2354777300000000 
 11109 2532248300000000 
 11113 1905780100000000 
 11117 2031929700000000 
 11121 2110685800000000 
 11125 2174361700000000 
 11129 2237219400000000 
 11133 2314326900000000 
 11137 2430974600000000 
 11141 1871194600000000 
 11145 2120567100000000 
 11149 2340276500000000 
 11153 2567494500000000 
 11157 2076332100000000 
 11161 2295128100000000 
 11165 2443636600000000 
 11169 1749452400000000 
 11173 1806514000000000 
 11177 1764867800000000 
 11181 1662141800000000 
 11185 1531030100000000 
 11189 1389853200000000 
 11193 1270401200000000 
 11197 1190765000000000 
 11201 1154296700000000 
 11205 1159252900000000 
 11209 1200151800000000 
 11213 1272122100000000 
 11217 1378261600000000 
 11221 1512782200000000 
 11225 1698233100000000 
 11229 1963799700000000 
 11233 2324175300000000 
 11237 2783256800000000 
 11241 2588530500000000 
 11245 2285963700000000 
 11249 2581215800000000 
 11253 2055419400000000 
 11257 2175321800000000 
 11261 2171463500000000 
 11265 2105508000000000 
 11269 2009190700000000 
 11273 1934991100000000 
 11277 1901736200000000 
 11281 1901505300000000 
 11285 1937402600000000 
 11289 2034884700000000 
 11293 2189329600000000 
 11297 2386455100000000 
 11301 2648112200000000 
 11305 2258626600000000 
 11309 2591461800000000 
 11313 2310886300000000 
 11317 2671359500000000 
 11321 2338568900000000 
 11325 2542632400000000 
 11329 1843712000000000 
 11333 1852740700000000 
 11337 1729028400000000 
 11341 1500773100000000 
 11345 1241254800000000 
 11349 1020752900000000 
 11353 849260800000000 
 11357 757902440000000 
 11361 717230600000000 
 11365 714579470000000 
 11369 749811790000000 
 11373 849972810000000 
 11377 1014609700000000 
 11381 1226809300000000 
 11385 1473608800000000 
 11389 1768219300000000 
 11393 2150607700000000 
 11397 2634607100000000 
 11401 2531577900000000 
 11405 2370894800000000 
 11409 2746434200000000 
 11413 2387649100000000 
 11417 2585589000000000 
 11421 1815594300000000 
 11425 1805720700000000 
 11429 1722077100000000 
 11433 1629588600000000 
 11437 1552451300000000 
 11441 1504773000000000 
 11445 1490015600000000 
 11449 1504448600000000 
 11453 1551205700000000 
 11457 1639209800000000 
 11461 1782648600000000 
 11465 1975594400000000 
 11469 2208610800000000 
 11473 2470017200000000 
 11477 2054597300000000 
 11481 2332376000000000 
 11485 2609847700000000 
 11489 2142996700000000 
 11493 2352085100000000 
 11497 2481840300000000 
 11501 1768962200000000 
 11505 1861155300000000 
 11509 1875534500000000 
 11513 1871799500000000 
 11517 1864056900000000 
 11521 1856181800000000 
 11525 1851787900000000 
 11529 1853145200000000 
 11533 1858488100000000 
 11537 1868086300000000 
 11541 1881637600000000 
 11545 1897276700000000 
 11549 1913688100000000 
 11553 1933226800000000 
 11557 1962246400000000 
 11561 2007373800000000 
 11565 2075069000000000 
 11569 2179880700000000 
 11573 2351915300000000 
 11577 2603584400000000 
 11581 2189568400000000 
 11585 2550689600000000 
 11589 2291800700000000 
 11593 2729527800000000 
 11597 2628141700000000 
 11601 2527263400000000 
 11605 2394831000000000 
 11609 2756689900000000 
 11613 2436272500000000 
 11617 1873052600000000 
 11621 1907926000000000 
 11625 1811445500000000 
 11629 1629470900000000 
 11633 1399844400000000 
 11637 1207055900000000 
 11641 1081081500000000 
 11645 990672090000000 
 11649 938132740000000 
 11653 934532640000000 
 11657 976662040000000 
 11661 1047603700000000 
 11665 1158171700000000 
 11669 1315566500000000 
 11673 1506442900000000 
 11677 1727646500000000 
 11681 2021824800000000 
 11685 2386104800000000 
 11689 2812537500000000 
 11693 2399674500000000 
 11697 2592428700000000 
 11701 1812937300000000 
 11705 1804052000000000 
 11709 1622296400000000 
 11713 1352067300000000 
 11717 1083502700000000 
 11721 915547240000000 
 11725 873784380000000 
 11729 888490420000000 
 11733 928128440000000 
 11737 1031207800000000 
 11741 1225246100000000 
 11745 1474984400000000 
 11749 1811061700000000 
 11753 2305169500000000 
 11757 2935311500000000 
 11761 3047243100000000 
 11765 3195498700000000 
 11769 3396268000000000 
 11773 3495605000000000 
 11777 3293374800000000 
 11781 2783799400000000 
 11785 1902425400000000 
 11789 1617041800000000 
 11793 1219599200000000 
 11797 857699390000000 
 11801 569517900000000 
 11805 401832290000000 
 11809 333341230000000 
 11813 297645380000000 
 11817 288820130000000 
 11821 301787340000000 
 11825 341312250000000 
 11829 428335900000000 
 11833 588355290000000 
 11837 841643120000000 
 11841 1163732700000000 
 11845 1496032500000000 
 11849 1860359800000000 
 11853 2272351700000000 
 11857 2724438200000000 
 11861 2395693000000000 
 11865 2666355300000000 
 11869 2041757400000000 
 11873 2147174200000000 
 11877 2127083300000000 
 11881 2058892200000000 
 11885 1978323700000000 
 11889 1918255000000000 
 11893 1900416700000000 
 11897 1916518500000000 
 11901 1963940100000000 
 11905 2051461100000000 
 11909 2220985200000000 
 11913 2496609300000000 
 11917 2138991300000000 
 11921 2520495500000000 
 11925 2290868700000000 
 11929 2721994200000000 
 11933 2575483600000000 
 11937 2400242000000000 
 11941 2774933900000000 
 11945 2500693700000000 
 11949 2109939800000000 
 11953 2318608100000000 
 11957 2469473900000000 
 11961 1774445300000000 
 11965 1870895000000000 
 11969 1898890900000000 
 11973 1895769900000000 
 11977 1876523400000000 
 11981 1845629000000000 
 11985 1805825000000000 
 11989 1759994800000000 
 11993 1704897800000000 
 11997 1647574300000000 
 16001 1341705900000000 
 16005 1137601400000000 
 16009 1190956800000000 
 16013 1273997400000000 
 16017 1420415900000000 
 16021 1676186100000000 
 16025 2084677200000000 
 16029 2653663800000000 
 16033 2756286400000000 
 16037 2987831200000000 
 16041 3416689000000000 
 16045 4135596300000000 
 16049 5256221000000000 
 16053 6649992800000000 
 16057 8034861600000000 
 16061 9277998000000000 
 16065 10335245000000000 
 16069 11068046000000000 
 16073 11676703000000000 
 16077 11917557000000000 
 16081 12043518000000000 
 16085 12034642000000000 
 16089 11854521000000000 
 16093 11494788000000000 
 16097 10927641000000000 
 16101 10510719000000000 
 16105 9894199300000000 
 16109 9082147400000000 
 16113 8390612000000000 
 16117 7591033600000000 
 16121 7038417600000000 
 16125 6326350700000000 
 16129 5451405400000000 
 16133 4799454800000000 
 16137 4298509800000000 
 16141 4045682800000000 
 16145 3796192600000000 
 16149 3535001600000000 
 16153 3289136500000000 
 16157 3051446100000000 
 16161 2796259400000000 
 16165 2498227900000000 
 16169 2135940900000000 
 16173 2337637700000000 
 16177 2572769100000000 
 16181 2111770000000000 
 16185 2309272300000000 
 16189 2515477400000000 
 16193 1986222300000000 
 16197 2237873500000000 
 16201 2506015000000000 
 16205 2126344500000000 
 16209 2496805800000000 
 16213 2314655100000000 
 16217 2856488700000000 
 16221 2917500600000000 
 16225 3044109500000000 
 16229 3218302400000000 
 16233 3445925000000000 
 16237 3771097000000000 
 16241 4185637500000000 
 16245 4670780600000000 
 16249 5139220700000000 
 16253 5470416200000000 
 16257 5600945200000000 
 16261 5429228300000000 
 16265 4828747900000000 
 16269 3867812300000000 
 16273 2656366000000000 
 16277 1392854200000000 
 16281 1044736700000000 
 16285 893905770000000 
 16289 837125410000000 
 16293 821615920000000 
 16297 852405760000000 
 16301 935939460000000 
 16305 1095030500000000 
 16309 1289240600000000 
 16313 1485068400000000 
 16317 1723455000000000 
 16321 2055777400000000 
 16325 2501264600000000 
 16329 2451027800000000 
 16333 2484086300000000 
 16337 2577964800000000 
 16341 2597269800000000 
 16345 2483724900000000 
 16349 2227130400000000 
 16353 2442710100000000 
 16357 1783050100000000 
 16361 1813151200000000 
 16365 1789140300000000 
 16369 1748025400000000 
 16373 1731686100000000 
 16377 1755334000000000 
 16381 1806140900000000 
 16385 1923753000000000 
 16389 2169345500000000 
 16393 2534925600000000 
 16397 2216404300000000 
 16401 2620934400000000 
 16405 2427141300000000 
 16409 2301307300000000 
 16413 2791094300000000 
 16417 2874302200000000 
 16421 2990848500000000 
 16425 2991784100000000 
 16429 2746703000000000 
 16433 2196230600000000 
 16437 2174560800000000 
 16441 1998048700000000 
 16445 1732651800000000 
 16449 1449307000000000 
 16453 1217186100000000 
 16457 1081747600000000 
 16461 1015307900000000 
 16465 995576830000000 
 16469 1012997000000000 
 16473 1084710900000000 
 16477 1241144600000000 
 16481 1488886600000000 
 16485 1807917700000000 
 16489 2252048800000000 
 16493 2862459000000000 
 16497 3061173700000000 
 16501 3446224900000000 
 16505 4110781000000000 
 16509 5124957000000000 
 16513 6361592000000000 
 16517 7510256800000000 
 16521 8567340700000000 
 16525 9273093900000000 
 16529 9754883100000000 
 16533 9781674700000000 
 16537 9556856200000000 
 16541 9379266700000000 
 16545 8972324100000000 
 16549 8296993600000000 
 16553 7234897600000000 
 16557 6519237400000000 
 16561 5427572100000000 
 16565 4729496300000000 
 16569 4132513300000000 
 16573 3703638600000000 
 16577 3275510300000000 
 16581 2877505500000000 
 16585 2501535400000000 
 16589 2118987700000000 
 16593 2346984900000000 
 16597 2699124300000000 
 16601 2495417600000000 
 16605 2288079000000000 
 16609 2635424600000000 
 16613 2384692000000000 
 16617 2650743700000000 
 16621 2196134100000000 
 16625 2365623200000000 
 16629 2457811700000000 
 16633 1623834500000000 
 16637 1660239900000000 
 16641 1669352400000000 
 16645 1691807600000000 
 16649 1735300100000000 
 16653 1819420500000000 
 16657 1971348800000000 
 16661 2209444200000000 
 16665 2601353600000000 
 16669 2462783300000000 
 16673 2417493100000000 
 16677 3078383200000000 
 16681 3455371200000000 
 16685 4092607100000000 
 16689 5059323000000000 
 16693 6301013100000000 
 16697 7656758900000000 
 16701 9139437800000000 
 16705 10445021000000000 
 16709 11376495000000000 
 16713 11726614000000000 
 16717 11673247000000000 
 16721 11043602000000000 
 16725 9974239600000000 
 16729 7797689200000000 
 16733 5178417500000000 
 16737 3103980800000000 
 16741 1549009300000000 
 16745 1328310800000000 
 16749 1223318000000000 
 16753 1226422500000000 
 16757 1292197100000000 
 16761 1381653900000000 
 16765 1482068100000000 
 16769 1615834000000000 
 16773 1810474200000000 
 16777 2097451000000000 
 16781 2483600100000000 
 16785 2340298100000000 
 16789 2852367400000000 
 16793 2774116800000000 
 16797 2557651400000000 
 16801 2188333000000000 
 16805 2395724500000000 
 16809 2499417000000000 
 16813 1682535300000000 
 16817 1734918000000000 
 16821 1759893600000000 
 16825 1805145300000000 
 16829 1897784700000000 
 16833 2054823100000000 
 16837 2301142700000000 
 16841 2718397700000000 
 16845 2621982400000000 
 16849 2598129700000000 
 16853 2649134600000000 
 16857 2762896100000000 
 16861 2949698600000000 
 16865 3240872300000000 
 16869 3623810200000000 
 16873 4082894100000000 
 16877 4534460400000000 
 16881 4795946200000000 
 16885 4839082000000000 
 16889 4537376400000000 
 16893 3775765800000000 
 16897 2759383700000000 
 16901 1551501800000000 
 16905 1234446800000000 
 16909 1054238700000000 
 16913 962463280000000 
 16917 939167740000000 
 16921 953493650000000 
 16925 1006758000000000 
 16929 1103193500000000 
 16933 1262075800000000 
 16937 1456905400000000 
 16941 1697111800000000 
 16945 2014262600000000 
 16949 2426356100000000 
 16953 2290597500000000 
 16957 2855342900000000 
 16961 3012977700000000 
 16965 3242019200000000 
 16969 3492530600000000 
 16973 3736280700000000 
 16977 3940024900000000 
 16981 4080792900000000 
 16985 4124973400000000 
 16989 4104109300000000 
 16993 4022665900000000 
 16997 3901050700000000 
 17001 3758382500000000 
 17005 3606523900000000 
 17009 3455186100000000 
 17013 3312373500000000 
 17017 3170763500000000 
 17021 3057557900000000 
 17025 2964123400000000 
 17029 2883578400000000 
 17033 2807844900000000 
 17037 2740613500000000 
 17041 2659447400000000 
 17045 2573243600000000 
 17049 2473723800000000 
 17053 2355776600000000 
 17057 2755758300000000 
 17061 2661615400000000 
 17065 2483990800000000 
 17069 2209604700000000 
 17073 2459023200000000 
 17077 1964284200000000 
 17081 2112051400000000 
 17085 2204265700000000 
 17089 2267838100000000 
 17093 2301570000000000 
 17097 2323349800000000 
 17101 2357089600000000 
 17105 2415250600000000 
 17109 2518297100000000 
 17113 1914048200000000 
 17117 2231137700000000 
 17121 2641863300000000 
 17125 2509894600000000 
 17129 2466560300000000 
 17133 2522926300000000 
 17137 2657037000000000 
 17141 2889426000000000 
 17145 3216307800000000 
 17149 3655759600000000 
 17153 4210866300000000 
 17157 4859976900000000 
 17161 5484623600000000 
 17165 5986112100000000 
 17169 5928006400000000 
 17173 5544049300000000 
 17177 5338954400000000 
 17181 4948661300000000 
 17185 4500069600000000 
 17189 3866855900000000 
 17193 3224171000000000 
 17197 2510371400000000 
 17201 1771758600000000 
 17205 1795196400000000 
 17209 1975228700000000 
 17213 2176273300000000 
 17217 2406294800000000 
 17221 2651494000000000 
 17225 2211580600000000 
 17229 2506617100000000 
 17233 2138755300000000 
 17237 2452746400000000 
 17241 2121318800000000 
 17245 2421623200000000 
 17249 2726226200000000 
 17253 2341473600000000 
 17257 2605616200000000 
 17261 2156231200000000 
 17265 2399549300000000 
 17269 2619212400000000 
 17273 2169799600000000 
 17277 2452554100000000 
 17281 2109965700000000 
 17285 2462025400000000 
 17289 2261626700000000 
 17293 2748295600000000 
 17297 2760109100000000 
 17301 2864186200000000 
 17305 3051910900000000 
 17309 3324008600000000 
 17313 3689053600000000 
 17317 4173534500000000 
 17321 4845665000000000 
 17325 5660261900000000 
 17329 6531180600000000 
 17333 7129309100000000 
 17337 7571395600000000 
 17341 7881396700000000 
 17345 7660046400000000 
 17349 7635516700000000 
 17353 7421342000000000 
 17357 6982814100000000 
 17361 6283091200000000 
 17365 5190012500000000 
 17369 4418281200000000 
 17373 3556167900000000 
 17377 2786093400000000 
 17381 2023411400000000 
 17385 1966031000000000 
 17389 2031233600000000 
 17393 2126075200000000 
 17397 2251481700000000 
 17401 2398737100000000 
 17405 2563507700000000 
 17409 2035038300000000 
 17413 2295194000000000 
 17417 2558328700000000 
 17421 2186226700000000 
 17425 2530388400000000 
 17429 2293204200000000 
 17433 2730306000000000 
 17437 2644641600000000 
 17441 2619233800000000 
 17445 2646551700000000 
 17449 2717666400000000 
 17453 2835430800000000 
 17457 2974339500000000 
 17461 3149811500000000 
 17465 3336312100000000 
 17469 3524821400000000 
 17473 3718100300000000 
 17477 3901096800000000 
 17481 4058252000000000 
 17485 4181413600000000 
 17489 4268287700000000 
 17493 4317970300000000 
 17497 4341169400000000 
 17501 4342573900000000 
 17505 4323515100000000 
 17509 4294477700000000 
 17513 4250726300000000 
 17517 4188214900000000 
 17521 4102000200000000 
 17525 3978920800000000 
 17529 3806343600000000 
 17533 3596374800000000 
 17537 3340443300000000 
 17541 3045856500000000 
 17545 2686286200000000 
 17549 2257192200000000 
 17553 2418549900000000 
 17557 2621348300000000 
 17561 2153722900000000 
 17565 2366091400000000 
 17569 2581661300000000 
 17573 2111745300000000 
 17577 2374639100000000 
 17581 2641216800000000 
 17585 2270393600000000 
 17589 2595698500000000 
 17593 2334308400000000 
 17597 2716715600000000 
 17601 2586469700000000 
 17605 2503223100000000 
 17609 2451546600000000 
 17613 2440159600000000 
 17617 2472551300000000 
 17621 2538495800000000 
 17625 2623871100000000 
 17629 2745215800000000 
 17633 2887653400000000 
 17637 3048711300000000 
 17641 3203354900000000 
 17645 3342050300000000 
 17649 3452831300000000 
 17653 3506531000000000 
 17657 3483844100000000 
 17661 3366211500000000 
 17665 3110697600000000 
 17669 2704091900000000 
 17673 2125657800000000 
 17677 2166007900000000 
 17681 2242995400000000 
 17685 2295429100000000 
 17689 2356812900000000 
 17693 2442767800000000 
 17697 1743822800000000 
 17701 1964412100000000 
 17705 2212905700000000 
 17709 2503927900000000 
 17713 2170696600000000 
 17717 2564055000000000 
 17721 2394023000000000 
 17725 2888315700000000 
 17729 2916723800000000 
 17733 2972543700000000 
 17737 3026887500000000 
 17741 3044964800000000 
 17745 3011130800000000 
 17749 2900211300000000 
 17753 2714535300000000 
 17757 2440048700000000 
 17761 2105381900000000 
 17765 2377359100000000 
 17769 2682746900000000 
 17773 2361669500000000 
 17777 2710210600000000 
 17781 2477893100000000 
 17785 2322556400000000 
 17789 2819391900000000 
 17793 2853156300000000 
 17797 2926247400000000 
 17801 3018660000000000 
 17805 3125467800000000 
 17809 3253192100000000 
 17813 3384809900000000 
 17817 3519607100000000 
 17821 3626261800000000 
 17825 3675375800000000 
 17829 3631507900000000 
 17833 3447399700000000 
 17837 3083375500000000 
 17841 2487150200000000 
 17845 1688352100000000 
 17849 1645109800000000 
 17853 1625822200000000 
 17857 1591299700000000 
 17861 1560607300000000 
 17865 1555355100000000 
 17869 1577972400000000 
 17873 1633080000000000 
 17877 1722236300000000 
 17881 1918281100000000 
 17885 2221321800000000 
 17889 2636887100000000 
 17893 2492320900000000 
 17897 2407344500000000 
 17901 3043249800000000 
 17905 3417487200000000 
 17909 4066582500000000 
 17913 5095572500000000 
 17917 6383143200000000 
 17921 7673636600000000 
 17925 8897041500000000 
 17929 10044806000000000 
 17933 11043027000000000 
 17937 12062006000000000 
 17941 12911605000000000 
 17945 13839972000000000 
 17949 14532194000000000 
 17953 15192904000000000 
 17957 15852011000000000 
 17961 16503512000000000 
 17965 16906251000000000 
 17969 17378963000000000 
 17973 17987327000000000 
 17977 18759668000000000 
 17981 19232191000000000 
 17985 19751172000000000 
 17989 20291074000000000 
 17993 20844150000000000 
 17997 21445682000000000 
 18001 22073747000000000 
 18005 22557898000000000 
 18009 22978274000000000 
 18013 23301063000000000 
 18017 23456654000000000 
 18021 23462604000000000 
 18025 23364199000000000 
 18029 23230658000000000 
 18033 23086526000000000 
 18037 22974758000000000 
 18041 22935136000000000 
 18045 22949364000000000 
 18049 23032697000000000 
 18053 23154186000000000 
 18057 23302207000000000 
 18061 23515837000000000 
 18065 23860435000000000 
 18069 24304538000000000 
 18073 24944836000000000 
 18077 25703976000000000 
 18081 26536305000000000 
 18085 27378262000000000 
 18089 28133150000000000 
 18093 28717695000000000 
 18097 29120377000000000 
 18101 29440064000000000 
 18105 29669239000000000 
 18109 29775991000000000 
 18113 29787986000000000 
 18117 29742635000000000 
 18121 29607031000000000 
 18125 29393903000000000 
 18129 29185962000000000 
 18133 29024896000000000 
 18137 28932747000000000 
 18141 28886487000000000 
 18145 28861853000000000 
 18149 28962901000000000 
 18153 29212230000000000 
 18157 29443434000000000 
 18161 29516882000000000 
 18165 29516717000000000 
 18169 29564325000000000 
 18173 29626341000000000 
 18177 29671121000000000 
 18181 29729049000000000 
 18185 29784582000000000 
 18189 29814803000000000 
 18193 29802382000000000 
 18197 29739718000000000 
 18201 29659487000000000 
 18205 29520512000000000 
 18209 29265598000000000 
 18213 28966057000000000 
 18217 28713360000000000 
 18221 28600336000000000 
 18225 28836353000000000 
 18229 28932557000000000 
 18233 29041089000000000 
 18237 29218718000000000 
 18241 29484700000000000 
 18245 29738938000000000 
 18249 29888032000000000 
 18253 29971396000000000 
 18257 30034085000000000 
 18261 30069018000000000 
 18265 30104720000000000 
 18269 30116864000000000 
 18273 30141116000000000 
 18277 30168410000000000 
 18281 30143385000000000 
 18285 30044264000000000 
 18289 29918163000000000 
 18293 29767803000000000 
 18297 29593682000000000 
 18301 29430349000000000 
 18305 29285432000000000 
 18309 29154779000000000 
 18313 29064215000000000 
 18317 28980596000000000 
 18321 28924226000000000 
 18325 28942604000000000 
 18329 29053560000000000 
 18333 29234518000000000 
 18337 29437908000000000 
 18341 29616949000000000 
 18345 29756312000000000 
 18349 29859021000000000 
 18353 29922587000000000 
 18357 30001787000000000 
 18361 30064961000000000 
 18365 30113516000000000 
 18369 30134424000000000 
 18373 30115949000000000 
 18377 30046995000000000 
 18381 29939412000000000 
 18385 29827255000000000 
 18389 29737302000000000 
 18393 29652559000000000 
 18397 29592258000000000 
 18401 29563341000000000 
 18405 29554759000000000 
 18409 29555702000000000 
 18413 29550101000000000 
 18417 29548812000000000 
 18421 29568222000000000 
 18425 29639564000000000 
 18429 29763677000000000 
 18433 29904204000000000 
 18437 30015594000000000 
 18441 30080462000000000 
 18445 30103758000000000 
 18449 30107133000000000 
 18453 30112214000000000 
 18457 30126060000000000 
 18461 30142250000000000 
 18465 30142296000000000 
 18469 30104236000000000 
 18473 29997215000000000 
 18477 29847592000000000 
 18481 29674309000000000 
 18485 29487601000000000 
 18489 29302689000000000 
 18493 29144526000000000 
 18497 29028805000000000 
 18501 28985379000000000 
 18505 29028071000000000 
 18509 29126168000000000 
 18513 29236387000000000 
 18517 29389216000000000 
 18521 29594897000000000 
 18525 29814695000000000 
 18529 29980996000000000 
 18533 30070256000000000 
 18537 30124827000000000 
 18541 30119225000000000 
 18545 30133069000000000 
 18549 30143666000000000 
 18553 30161843000000000 
 18557 30173648000000000 
 18561 30142825000000000 
 18565 30053921000000000 
 18569 29941242000000000 
 18573 29825974000000000 
 18577 29672053000000000 
 18581 29532881000000000 
 18585 29466999000000000 
 18589 29490023000000000 
 18593 29556544000000000 
 18597 29615434000000000 
 18601 29706619000000000 
 18605 29880381000000000 
 18609 30064961000000000 
 18613 30151484000000000 
 18617 30148744000000000 
 18621 30130481000000000 
 18625 30114408000000000 
 18629 30106162000000000 
 18633 30111698000000000 
 18637 30129156000000000 
 18641 30143962000000000 
 18645 30101064000000000 
 18649 29978309000000000 
 18653 29825906000000000 
 18657 29641196000000000 
 18661 29429566000000000 
 18665 29241671000000000 
 18669 29133130000000000 
 18673 29126860000000000 
 18677 29206967000000000 
 18681 29311149000000000 
 18685 29435225000000000 
 18689 29605158000000000 
 18693 29802472000000000 
 18697 29978895000000000 
 18701 30100276000000000 
 18705 30174316000000000 
 18709 30220700000000000 
 18713 30257336000000000 
 18717 30271722000000000 
 18721 30261600000000000 
 18725 30221385000000000 
 18729 30148734000000000 
 18733 30057082000000000 
 18737 29943394000000000 
 18741 29835012000000000 
 18745 29747983000000000 
 18749 29696913000000000 
 18753 29657885000000000 
 18757 29627731000000000 
 18761 29619787000000000 
 18765 29649374000000000 
 18769 29714749000000000 
 18773 29801297000000000 
 18777 29891047000000000 
 18781 29967165000000000 
 18785 30019394000000000 
 18789 30047825000000000 
 18793 30044340000000000 
 18797 30017559000000000 
 18801 29972267000000000 
 18805 29915339000000000 
 18809 29856425000000000 
 18813 29807211000000000 
 18817 29781665000000000 
 18821 29776981000000000 
 18825 29791246000000000 
 18829 29826118000000000 
 18833 29872108000000000 
 18837 29931656000000000 
 18841 29983413000000000 
 18845 30020103000000000 
 18849 30040933000000000 
 18853 30047759000000000 
 18857 30020902000000000 
 18861 29969745000000000 
 18865 29905410000000000 
 18869 29836657000000000 
 18873 29771579000000000 
 18877 29717153000000000 
 18881 29676401000000000 
 18885 29651308000000000 
 18889 29644675000000000 
 18893 29659226000000000 
 18897 29701677000000000 
 18901 29773711000000000 
 18905 29868113000000000 
 18909 29974551000000000 
 18913 30075093000000000 
 18917 30157302000000000 
 18921 30219357000000000 
 18925 30257097000000000 
 18929 30265456000000000 
 18933 30242331000000000 
 18937 30186521000000000 
 18941 30098253000000000 
 18945 29988751000000000 
 18949 29866137000000000 
 18953 29757023000000000 
 18957 29668690000000000 
 18961 29608283000000000 
 18965 29574753000000000 
 18969 29560188000000000 
 18973 29572940000000000 
 18977 29617978000000000 
 18981 29700186000000000 
 18985 29815391000000000 
 18989 29937419000000000 
 18993 30048470000000000 
 18997 30135935000000000 
 19001 30201193000000000 
 19005 30235604000000000 
 19009 30231675000000000 
 19013 30194083000000000 
 19017 30128328000000000 
 19021 30039855000000000 
 19025 29942970000000000 
 19029 29850982000000000 
 19033 29771609000000000 
 19037 29711532000000000 
 19041 29673224000000000 
 19045 29656667000000000 
 19049 29669553000000000 
 19053 29723357000000000 
 19057 29811948000000000 
 19061 29919857000000000 
 19065 30028220000000000 
 19069 30114006000000000 
 19073 30166692000000000 
 19077 30185737000000000 
 19081 30172560000000000 
 19085 30118825000000000 
 19089 30027375000000000 
 19093 29906359000000000 
 19097 29778529000000000 
 19101 29678085000000000 
 19105 29603608000000000 
 19109 29555929000000000 
 19113 29531195000000000 
 19117 29540778000000000 
 19121 29607759000000000 
 19125 29742143000000000 
 19129 29914117000000000 
 19133 30076953000000000 
 19137 30189285000000000 
 19141 30242183000000000 
 19145 30274398000000000 
 19149 30301472000000000 
 19153 30311207000000000 
 19157 30285252000000000 
 19161 30202366000000000 
 19165 30084201000000000 
 19169 29962575000000000 
 19173 29855173000000000 
 19177 29771672000000000 
 19181 29738738000000000 
 19185 29758715000000000 
 19189 29801626000000000 
 19193 29830143000000000 
 19197 29883548000000000 
 19201 30020632000000000 
 19205 30184947000000000 
 19209 30275230000000000 
 19213 30287973000000000 
 19217 30261522000000000 
 19221 30231645000000000 
 19225 30218456000000000 
 19229 30225956000000000 
 19233 30241554000000000 
 19237 30231705000000000 
 19241 30146866000000000 
 19245 30016248000000000 
 19249 29843791000000000 
 19253 29550516000000000 
 19257 29125156000000000 
 19261 28639654000000000 
 19265 28578613000000000 
 19269 28631570000000000 
 19273 28731210000000000 
 19277 28694796000000000 
 19281 28986237000000000 
 19285 29193658000000000 
 19289 29374851000000000 
 19293 29477904000000000 
 19297 29561660000000000 
 19301 29676776000000000 
 19305 29802370000000000 
 19309 29916440000000000 
 19313 30031670000000000 
 19317 30133488000000000 
 19321 30201897000000000 
 19325 30178698000000000 
 19329 30097458000000000 
 19333 30005080000000000 
 19337 29900090000000000 
 19341 29797174000000000 
 19345 29732949000000000 
 19349 29732591000000000 
 19353 29780197000000000 
 19357 29820617000000000 
 19361 29842284000000000 
 19365 29887424000000000 
 19369 29992202000000000 
 19373 30128607000000000 
 19377 30235855000000000 
 19381 30290931000000000 
 19385 30312919000000000 
 19389 30310250000000000 
 19393 30307509000000000 
 19397 30315864000000000 
 19401 30332760000000000 
 19405 30338662000000000 
 19409 30302964000000000 
 19413 30211605000000000 
 19417 30093073000000000 
 19421 29949853000000000 
 19425 29805001000000000 
 19429 29680934000000000 
 19433 29583519000000000 
 19437 29516187000000000 
 19441 29474997000000000 
 19445 29456337000000000 
 19449 29454924000000000 
 19453 29466903000000000 
 19457 29496498000000000 
 19461 29548940000000000 
 19465 29629600000000000 
 19469 29735078000000000 
 19473 29862242000000000 
 19477 30002721000000000 
 19481 30118811000000000 
 19485 30197329000000000 
 19489 30256293000000000 
 19493 30296322000000000 
 19497 30317794000000000 
 19501 30332089000000000 
 19505 30335810000000000 
 19509 30327408000000000 
 19513 30295392000000000 
 19517 30229516000000000 
 19521 30127075000000000 
 19525 30002900000000000 
 19529 29879763000000000 
 19533 29784725000000000 
 19537 29719447000000000 
 19541 29678542000000000 
 19545 29673335000000000 
 19549 29714240000000000 
 19553 29763920000000000 
 19557 29804778000000000 
 19561 29891388000000000 
 19565 30076041000000000 
 19569 30265404000000000 
 19573 30327349000000000 
 19577 30291163000000000 
 19581 30271013000000000 
 19585 30290593000000000 
 19589 30300690000000000 
 19593 30308932000000000 
 19597 30305587000000000 
 19601 30255334000000000 
 19605 30179053000000000 
 19609 30061088000000000 
 19613 30005577000000000 
 19617 29771079000000000 
 19621 29151768000000000 
 19625 28280538000000000 
 19629 27964781000000000 
 19633 28029879000000000 
 19637 28310804000000000 
 19641 28520057000000000 
 19645 28703406000000000 
 19649 29201385000000000 
 19653 29614928000000000 
 19657 29606786000000000 
 19661 29649424000000000 
 19665 30036247000000000 
 19669 30465447000000000 
 19673 30681275000000000 
 19677 30780861000000000 
 19681 30859570000000000 
 19685 30716399000000000 
 19689 30426241000000000 
 19693 30222006000000000 
 19697 30237269000000000 
 19701 29994961000000000 
 19705 29308628000000000 
 19709 28462251000000000 
 19713 28226943000000000 
 19717 28377080000000000 
 19721 28670007000000000 
 19725 28819447000000000 
 19729 28793073000000000 
 19733 29142292000000000 
 19737 29510971000000000 
 19741 29522251000000000 
 19745 29486306000000000 
 19749 29694821000000000 
 19753 29976853000000000 
 19757 30189189000000000 
 19761 30367233000000000 
 19765 30485667000000000 
 19769 30460075000000000 
 19773 30350796000000000 
 19777 30241897000000000 
 19781 30177614000000000 
 19785 30110991000000000 
 19789 29904269000000000 
 19793 29610597000000000 
 19797 29359301000000000 
 19801 29242653000000000 
 19805 29282611000000000 
 19809 29404853000000000 
 19813 29524404000000000 
 19817 29647747000000000 
 19821 29827092000000000 
 19825 30015627000000000 
 19829 30151939000000000 
 19833 30211408000000000 
 19837 30210532000000000 
 19841 30197154000000000 
 19845 30176129000000000 
 19849 30157436000000000 
 19853 30157765000000000 
 19857 30174692000000000 
 19861 30190938000000000 
 19865 30172323000000000 
 19869 30093711000000000 
 19873 29968260000000000 
 19877 29840371000000000 
 19881 29720171000000000 
 19885 29610393000000000 
 19889 29524064000000000 
 19893 29471155000000000 
 19897 29443312000000000 
 19901 29433185000000000 
 19905 29436978000000000 
 19909 29444667000000000 
 19913 29456948000000000 
 19917 29489589000000000 
 19921 29564894000000000 
 19925 29686396000000000 
 19929 29830283000000000 
 19933 29961154000000000 
 19937 30063412000000000 
 19941 30113162000000000 
 19945 30120449000000000 
 19949 30120538000000000 
 19953 30111067000000000 
 19957 30109463000000000 
 19961 30119257000000000 
 19965 30128187000000000 
 19969 30106106000000000 
 19973 30030835000000000 
 19977 29932972000000000 
 19981 29849315000000000 
 19985 29737296000000000 
 19989 29602578000000000 
 19993 29488536000000000 
 19997 29461969000000000 
