  8001 176540000000 
  8005 36069266000 
  8009 243236370000 
  8013 330340800000 
  8017 361249160000 
  8021 415031820000 
  8025 515032680000 
  8029 663850530000 
  8033 851498090000 
  8037 1042068300000 
  8041 1207207400000 
  8045 1329695800000 
  8049 1402196400000 
  8053 1439334900000 
  8057 1473240700000 
  8061 1448569000000 
  8065 1439684500000 
  8069 1561107300000 
  8073 1593691200000 
  8077 1680855000000 
  8081 1751718100000 
  8085 1812170700000 
  8089 1855494100000 
  8093 1913552600000 
  8097 1952366700000 
  8101 1968535900000 
  8105 1928023200000 
  8109 1862693900000 
  8113 1732956900000 
  8117 1627804100000 
  8121 1578415500000 
  8125 1579498300000 
  8129 1628038600000 
  8133 1682577700000 
  8137 1748580400000 
  8141 1781726100000 
  8145 1722356200000 
  8149 1572853700000 
  8153 1372016700000 
  8157 1240961900000 
  8161 1140595200000 
  8165 1041449800000 
  8169 969810070000 
  8173 903168470000 
  8177 857141990000 
  8181 807761790000 
  8185 710645740000 
  8189 644591600000 
  8193 758684980000 
  8197 790069890000 
  8201 728244950000 
  8205 659739000000 
  8209 692718820000 
  8213 971788990000 
  8217 1606175300000 
  8221 2399633000000 
  8225 3093533900000 
  8229 3991368600000 
  8233 5846543600000 
  8237 9796789300000 
  8241 10984000000000 
  8245 10984000000000 
  8249 10984000000000 
  8253 10984000000000 
  8257 10984000000000 
  8261 10984000000000 
  8265 10984000000000 
  8269 10984000000000 
  8273 10984000000000 
  8277 10984000000000 
  8281 10839000000000 
  8285 10112927000000 
  8289 9305166600000 
  8293 8559899400000 
  8297 7834274600000 
  8301 7321482000000 
  8305 6888513400000 
  8309 6940530500000 
  8313 7010077300000 
  8317 7053334100000 
  8321 7381593300000 
  8325 7750044800000 
  8329 8426111300000 
  8333 8061635300000 
  8337 7608918500000 
  8341 7482784000000 
  8345 7340017600000 
  8349 7109073600000 
  8353 6710709200000 
  8357 6334215500000 
  8361 5736699500000 
  8365 4925746800000 
  8369 4680925400000 
  8373 4116379100000 
  8377 3325079300000 
  8381 2168122200000 
  8385 1604272500000 
  8389 2059148600000 
  8393 2569254700000 
  8397 3363852600000 
  8401 4358762700000 
  8405 5333357600000 
  8409 8193438000000 
  8413 10437003000000 
  8417 10984000000000 
  8421 10984000000000 
  8425 10984000000000 
  8429 10984000000000 
  8433 10984000000000 
  8437 10984000000000 
  8441 10984000000000 
  8445 10984000000000 
  8449 10984000000000 
  8453 10984000000000 
  8457 10831611000000 
  8461 10142197000000 
  8465 9243449500000 
  8469 8241473400000 
  8473 7288213800000 
  8477 6649221900000 
  8481 6233389700000 
  8485 6073142900000 
  8489 6054967400000 
  8493 6028819800000 
  8497 6100634000000 
  8501 6290719900000 
  8505 6420154200000 
  8509 6535299300000 
  8513 6602259200000 
  8517 6561923600000 
  8521 6431209500000 
  8525 6243063000000 
  8529 6003729200000 
  8533 5829526800000 
  8537 5849854200000 
  8541 6181511000000 
  8545 6981489400000 
  8549 7566830200000 
  8553 8277599200000 
  8557 8139505100000 
  8561 7723364100000 
  8565 7718809700000 
  8569 7902079900000 
  8573 8588557700000 
  8577 9105000800000 
  8581 9739007200000 
  8585 10364278000000 
  8589 10982382000000 
  8593 10984000000000 
  8597 10984000000000 
  8601 10984000000000 
  8605 10984000000000 
  8609 10984000000000 
  8613 10984000000000 
  8617 10984000000000 
  8621 10984000000000 
  8625 10984000000000 
  8629 10984000000000 
  8633 10598223000000 
  8637 9948435100000 
  8641 9146174100000 
  8645 8454886200000 
  8649 7573028700000 
  8653 6529376600000 
  8657 5321329200000 
  8661 4026761500000 
  8665 3085510000000 
  8669 2890577500000 
  8673 2921671700000 
  8677 3126498300000 
  8681 3355692200000 
  8685 4054081500000 
  8689 4990048300000 
  8693 6897803600000 
  8697 8557065600000 
  8701 9112692500000 
  8705 9580371900000 
  8709 9764574700000 
  8713 9753738900000 
  8717 9825914600000 
  8721 9894728000000 
  8725 9579547400000 
  8729 9320026400000 
  8733 9094461200000 
  8737 8642629900000 
  8741 8160447100000 
  8745 7234147200000 
  8749 6757787900000 
  8753 6216497900000 
  8757 5733933500000 
  8761 6333688900000 
  8765 6328519600000 
  8769 6507221800000 
  8773 7043505400000 
  8777 7545138200000 
  8781 8220174300000 
  8785 7731597400000 
  8789 7650008400000 
  8793 7537620600000 
  8797 7318168500000 
  8801 6955771400000 
  8805 6533248900000 
  8809 6056879400000 
  8813 5367971300000 
  8817 4718022900000 
  8821 4325840100000 
  8825 3631220400000 
  8829 2766080900000 
  8833 1766608500000 
  8837 1283497000000 
  8841 1502055700000 
  8845 1748564400000 
  8849 2367879600000 
  8853 2930856300000 
  8857 3674897200000 
  8861 4792587400000 
  8865 6156492100000 
  8869 8229340900000 
  8873 9512823800000 
  8877 10823780000000 
  8881 10984000000000 
  8885 10984000000000 
  8889 10984000000000 
  8893 10984000000000 
  8897 10984000000000 
  8901 10984000000000 
  8905 10984000000000 
  8909 10984000000000 
  8913 10984000000000 
  8917 10984000000000 
  8921 10984000000000 
  8925 10890534000000 
  8929 10675038000000 
  8933 10485473000000 
  8937 10310211000000 
  8941 10175051000000 
  8945 10069605000000 
  8949 10012351000000 
  8953 10030810000000 
  8957 10115537000000 
  8961 10324786000000 
  8965 10669098000000 
  8969 10984000000000 
  8973 10984000000000 
  8977 10984000000000 
  8981 10984000000000 
  8985 10984000000000 
  8989 10984000000000 
  8993 10984000000000 
  8997 10984000000000 
  9001 10984000000000 
  9005 10984000000000 
  9009 10984000000000 
  9013 10984000000000 
  9017 10984000000000 
  9021 10984000000000 
  9025 10984000000000 
  9029 10984000000000 
  9033 10984000000000 
  9037 10984000000000 
  9041 10984000000000 
  9045 10984000000000 
  9049 10984000000000 
  9053 10984000000000 
  9057 10984000000000 
  9061 10984000000000 
  9065 10984000000000 
  9069 10984000000000 
  9073 10984000000000 
  9077 10984000000000 
  9081 10984000000000 
  9085 10984000000000 
  9089 10984000000000 
  9093 10984000000000 
  9097 10984000000000 
  9101 10971029000000 
  9105 10065799000000 
  9109 8981367300000 
  9113 7925201800000 
  9117 7191598400000 
  9121 6737045500000 
  9125 6657537900000 
  9129 6839950700000 
  9133 7040245200000 
  9137 7413431900000 
  9141 8248790000000 
  9145 8952901100000 
  9149 9901473800000 
  9153 10777799000000 
  9157 10984000000000 
  9161 10984000000000 
  9165 10984000000000 
  9169 10984000000000 
  9173 10984000000000 
  9177 10984000000000 
  9181 10984000000000 
  9185 10984000000000 
  9189 10984000000000 
  9193 10984000000000 
  9197 10984000000000 
  9201 10984000000000 
  9205 10984000000000 
  9209 10984000000000 
  9213 10984000000000 
  9217 10984000000000 
  9221 10984000000000 
  9225 10984000000000 
  9229 10984000000000 
  9233 10984000000000 
  9237 10984000000000 
  9241 10984000000000 
  9245 10984000000000 
  9249 10984000000000 
  9253 10984000000000 
  9257 10984000000000 
  9261 10984000000000 
  9265 10984000000000 
  9269 10984000000000 
  9273 10984000000000 
  9277 10984000000000 
  9281 10984000000000 
  9285 10984000000000 
  9289 10984000000000 
  9293 10984000000000 
  9297 10984000000000 
  9301 10984000000000 
  9305 10984000000000 
  9309 10984000000000 
  9313 10984000000000 
  9317 10984000000000 
  9321 10984000000000 
  9325 10984000000000 
  9329 10984000000000 
  9333 10984000000000 
  9337 10984000000000 
  9341 10984000000000 
  9345 10984000000000 
  9349 10984000000000 
  9353 10984000000000 
  9357 10984000000000 
  9361 10984000000000 
  9365 10984000000000 
  9369 10984000000000 
  9373 10984000000000 
  9377 10984000000000 
  9381 10984000000000 
  9385 10984000000000 
  9389 10984000000000 
  9393 10984000000000 
  9397 10984000000000 
  9401 10984000000000 
  9405 10984000000000 
  9409 10984000000000 
  9413 10984000000000 
  9417 10984000000000 
  9421 10984000000000 
  9425 10984000000000 
  9429 10984000000000 
  9433 10984000000000 
  9437 10984000000000 
  9441 10984000000000 
  9445 10984000000000 
  9449 10984000000000 
  9453 10984000000000 
  9457 10984000000000 
  9461 10984000000000 
  9465 10984000000000 
  9469 10984000000000 
  9473 10984000000000 
  9477 10984000000000 
  9481 10984000000000 
  9485 10984000000000 
  9489 10984000000000 
  9493 10984000000000 
  9497 10984000000000 
  9501 10984000000000 
  9505 10984000000000 
  9509 10984000000000 
  9513 10984000000000 
  9517 10984000000000 
  9521 10984000000000 
  9525 10984000000000 
  9529 10984000000000 
  9533 10984000000000 
  9537 10984000000000 
  9541 10984000000000 
  9545 10984000000000 
  9549 10984000000000 
  9553 10984000000000 
  9557 10984000000000 
  9561 10984000000000 
  9565 10984000000000 
  9569 10984000000000 
  9573 10984000000000 
  9577 10984000000000 
  9581 10984000000000 
  9585 10984000000000 
  9589 10984000000000 
  9593 10984000000000 
  9597 10984000000000 
  9601 10984000000000 
  9605 10984000000000 
  9609 10984000000000 
  9613 10984000000000 
  9617 10984000000000 
  9621 10984000000000 
  9625 10984000000000 
  9629 10984000000000 
  9633 10984000000000 
  9637 10984000000000 
  9641 10984000000000 
  9645 10984000000000 
  9649 10984000000000 
  9653 10984000000000 
  9657 10984000000000 
  9661 10984000000000 
  9665 10984000000000 
  9669 10984000000000 
  9673 10984000000000 
  9677 10984000000000 
  9681 10984000000000 
  9685 10984000000000 
  9689 10984000000000 
  9693 10984000000000 
  9697 10984000000000 
  9701 10984000000000 
  9705 10984000000000 
  9709 10984000000000 
  9713 10984000000000 
  9717 10984000000000 
  9721 10984000000000 
  9725 10984000000000 
  9729 10984000000000 
  9733 10984000000000 
  9737 10984000000000 
  9741 10984000000000 
  9745 10984000000000 
  9749 10984000000000 
  9753 10984000000000 
  9757 10984000000000 
  9761 10984000000000 
  9765 10984000000000 
  9769 10984000000000 
  9773 10984000000000 
  9777 10984000000000 
  9781 10598250000000 
  9785 10316743000000 
  9789 10200073000000 
  9793 10268561000000 
  9797 10575384000000 
  9801 10984000000000 
  9805 10984000000000 
  9809 10984000000000 
  9813 10984000000000 
  9817 10984000000000 
  9821 10984000000000 
  9825 10984000000000 
  9829 10984000000000 
  9833 10984000000000 
  9837 10984000000000 
  9841 10984000000000 
  9845 10984000000000 
  9849 10984000000000 
  9853 10984000000000 
  9857 10984000000000 
  9861 10984000000000 
  9865 10856468000000 
  9869 10531921000000 
  9873 10237326000000 
  9877 10026979000000 
  9881 9985821200000 
  9885 10155427000000 
  9889 10363910000000 
  9893 10596889000000 
  9897 10918125000000 
  9901 10984000000000 
  9905 10984000000000 
  9909 10984000000000 
  9913 10984000000000 
  9917 10984000000000 
  9921 10984000000000 
  9925 10984000000000 
  9929 10984000000000 
  9933 10984000000000 
  9937 10984000000000 
  9941 10984000000000 
  9945 10805153000000 
  9949 10599563000000 
  9953 10426199000000 
  9957 10402532000000 
  9961 10539814000000 
  9965 10826739000000 
  9969 10984000000000 
  9973 10984000000000 
  9977 10984000000000 
  9981 10984000000000 
  9985 10984000000000 
  9989 10984000000000 
  9993 10984000000000 
  9997 10984000000000 
 10001 10984000000000 
 10005 10984000000000 
 10009 10984000000000 
 10013 10984000000000 
 10017 10984000000000 
 10021 10984000000000 
 10025 10984000000000 
 10029 10984000000000 
 10033 10984000000000 
 10037 10984000000000 
 10041 10984000000000 
 10045 10984000000000 
 10049 10984000000000 
 10053 10984000000000 
 10057 10984000000000 
 10061 10984000000000 
 10065 10984000000000 
 10069 10984000000000 
 10073 10984000000000 
 10077 10984000000000 
 10081 10984000000000 
 10085 10984000000000 
 10089 10984000000000 
 10093 10984000000000 
 10097 10984000000000 
 10101 10984000000000 
 10105 10984000000000 
 10109 10984000000000 
 10113 10984000000000 
 10117 10984000000000 
 10121 10984000000000 
 10125 10984000000000 
 10129 10984000000000 
 10133 10984000000000 
 10137 10984000000000 
 10141 10984000000000 
 10145 10984000000000 
 10149 10984000000000 
 10153 10984000000000 
 10157 10830016000000 
 10161 10766261000000 
 10165 10975990000000 
 10169 10984000000000 
 10173 10984000000000 
 10177 10984000000000 
 10181 10984000000000 
 10185 10984000000000 
 10189 10984000000000 
 10193 10984000000000 
 10197 10984000000000 
 10201 10984000000000 
 10205 10984000000000 
 10209 10984000000000 
 10213 10984000000000 
 10217 10319026000000 
 10221 9617657900000 
 10225 9145200800000 
 10229 8508474900000 
 10233 7929719900000 
 10237 7353755100000 
 10241 6772970900000 
 10245 6161811100000 
 10249 5906139600000 
 10253 7022912100000 
 10257 7876394600000 
 10261 9360195600000 
 10265 10569441000000 
 10269 10984000000000 
 10273 10984000000000 
 10277 10984000000000 
 10281 10984000000000 
 10285 10984000000000 
 10289 10984000000000 
 10293 10984000000000 
 10297 10984000000000 
 10301 10984000000000 
 10305 10984000000000 
 10309 10984000000000 
 10313 10814898000000 
 10317 10603938000000 
 10321 10452472000000 
 10325 10303362000000 
 10329 10234028000000 
 10333 10388162000000 
 10337 10759591000000 
 10341 10984000000000 
 10345 10984000000000 
 10349 10984000000000 
 10353 10984000000000 
 10357 10984000000000 
 10361 10984000000000 
 10365 10984000000000 
 10369 10984000000000 
 10373 10984000000000 
 10377 10984000000000 
 10381 10984000000000 
 10385 10984000000000 
 10389 10984000000000 
 10393 10984000000000 
 10397 10726927000000 
 10401 10357206000000 
 10405 10017109000000 
 10409 9822169300000 
 10413 9792690800000 
 10417 9978546800000 
 10421 10309444000000 
 10425 10715156000000 
 10429 10984000000000 
 10433 10984000000000 
 10437 10984000000000 
 10441 10984000000000 
 10445 10984000000000 
 10449 10984000000000 
 10453 10984000000000 
 10457 10984000000000 
 10461 10984000000000 
 10465 10984000000000 
 10469 10984000000000 
 10473 10984000000000 
 10477 10984000000000 
 10481 10984000000000 
 10485 10984000000000 
 10489 10984000000000 
 10493 10984000000000 
 10497 10984000000000 
 10501 10984000000000 
 10505 10984000000000 
 10509 10984000000000 
 10513 10984000000000 
 10517 10984000000000 
 10521 10984000000000 
 10525 10984000000000 
 10529 10984000000000 
 10533 10984000000000 
 10537 10984000000000 
 10541 10984000000000 
 10545 10984000000000 
 10549 10984000000000 
 10553 10984000000000 
 10557 10984000000000 
 10561 10984000000000 
 10565 10984000000000 
 10569 10984000000000 
 10573 10984000000000 
 10577 10984000000000 
 10581 10984000000000 
 10585 10984000000000 
 10589 10984000000000 
 10593 10984000000000 
 10597 10984000000000 
 10601 10984000000000 
 10605 10984000000000 
 10609 10984000000000 
 10613 10984000000000 
 10617 10984000000000 
 10621 10984000000000 
 10625 10984000000000 
 10629 10984000000000 
 10633 10984000000000 
 10637 10984000000000 
 10641 10984000000000 
 10645 10984000000000 
 10649 10984000000000 
 10653 10984000000000 
 10657 10984000000000 
 10661 10984000000000 
 10665 10984000000000 
 10669 10984000000000 
 10673 10984000000000 
 10677 10984000000000 
 10681 10963432000000 
 10685 10620402000000 
 10689 10379857000000 
 10693 10279919000000 
 10697 10380746000000 
 10701 10694509000000 
 10705 10984000000000 
 10709 10984000000000 
 10713 10984000000000 
 10717 10984000000000 
 10721 10984000000000 
 10725 10984000000000 
 10729 10984000000000 
 10733 10984000000000 
 10737 10984000000000 
 10741 10984000000000 
 10745 10984000000000 
 10749 10984000000000 
 10753 10984000000000 
 10757 10984000000000 
 10761 10984000000000 
 10765 10984000000000 
 10769 10984000000000 
 10773 10984000000000 
 10777 10984000000000 
 10781 10984000000000 
 10785 10984000000000 
 10789 10984000000000 
 10793 10984000000000 
 10797 10984000000000 
 10801 10984000000000 
 10805 10984000000000 
 10809 10984000000000 
 10813 10984000000000 
 10817 10984000000000 
 10821 10984000000000 
 10825 10984000000000 
 10829 10984000000000 
 10833 10984000000000 
 10837 10984000000000 
 10841 10984000000000 
 10845 10984000000000 
 10849 10984000000000 
 10853 10984000000000 
 10857 10984000000000 
 10861 10984000000000 
 10865 10984000000000 
 10869 10984000000000 
 10873 10984000000000 
 10877 10984000000000 
 10881 10984000000000 
 10885 10984000000000 
 10889 10984000000000 
 10893 10984000000000 
 10897 10984000000000 
 10901 10984000000000 
 10905 10984000000000 
 10909 10984000000000 
 10913 10984000000000 
 10917 10984000000000 
 10921 10984000000000 
 10925 10984000000000 
 10929 10984000000000 
 10933 10984000000000 
 10937 10984000000000 
 10941 10984000000000 
 10945 10984000000000 
 10949 10984000000000 
 10953 10984000000000 
 10957 10984000000000 
 10961 10984000000000 
 10965 10984000000000 
 10969 10984000000000 
 10973 10984000000000 
 10977 10984000000000 
 10981 10984000000000 
 10985 10984000000000 
 10989 10984000000000 
 10993 10984000000000 
 10997 10984000000000 
 11001 10984000000000 
 11005 10984000000000 
 11009 10984000000000 
 11013 10984000000000 
 11017 10984000000000 
 11021 10984000000000 
 11025 10984000000000 
 11029 10984000000000 
 11033 10984000000000 
 11037 10984000000000 
 11041 10984000000000 
 11045 10984000000000 
 11049 10984000000000 
 11053 10984000000000 
 11057 10984000000000 
 11061 10984000000000 
 11065 10984000000000 
 11069 10984000000000 
 11073 10984000000000 
 11077 10984000000000 
 11081 10984000000000 
 11085 10984000000000 
 11089 10984000000000 
 11093 10984000000000 
 11097 10984000000000 
 11101 10984000000000 
 11105 10984000000000 
 11109 10984000000000 
 11113 10984000000000 
 11117 10984000000000 
 11121 10984000000000 
 11125 10984000000000 
 11129 10984000000000 
 11133 10984000000000 
 11137 10984000000000 
 11141 10984000000000 
 11145 10984000000000 
 11149 10984000000000 
 11153 10984000000000 
 11157 10984000000000 
 11161 10984000000000 
 11165 10984000000000 
 11169 10984000000000 
 11173 10984000000000 
 11177 10984000000000 
 11181 10984000000000 
 11185 10984000000000 
 11189 10984000000000 
 11193 10984000000000 
 11197 10984000000000 
 11201 10984000000000 
 11205 10630493000000 
 11209 10496938000000 
 11213 10573376000000 
 11217 10768804000000 
 11221 10984000000000 
 11225 10984000000000 
 11229 10984000000000 
 11233 10984000000000 
 11237 10984000000000 
 11241 10984000000000 
 11245 10984000000000 
 11249 10984000000000 
 11253 10984000000000 
 11257 10984000000000 
 11261 10984000000000 
 11265 10984000000000 
 11269 10984000000000 
 11273 10984000000000 
 11277 10984000000000 
 11281 10984000000000 
 11285 10984000000000 
 11289 10984000000000 
 11293 10984000000000 
 11297 10984000000000 
 11301 10984000000000 
 11305 10984000000000 
 11309 10984000000000 
 11313 10984000000000 
 11317 10984000000000 
 11321 10984000000000 
 11325 10984000000000 
 11329 10984000000000 
 11333 10984000000000 
 11337 10984000000000 
 11341 10984000000000 
 11345 10984000000000 
 11349 10967704000000 
 11353 10438427000000 
 11357 9791811200000 
 11361 9138601000000 
 11365 8631064400000 
 11369 8195242500000 
 11373 7915644000000 
 11377 8621744300000 
 11381 8942077400000 
 11385 9405849400000 
 11389 10038363000000 
 11393 10984000000000 
 11397 10984000000000 
 11401 10984000000000 
 11405 10984000000000 
 11409 10984000000000 
 11413 10984000000000 
 11417 10984000000000 
 11421 10984000000000 
 11425 10984000000000 
 11429 10984000000000 
 11433 10984000000000 
 11437 10984000000000 
 11441 10984000000000 
 11445 10984000000000 
 11449 10984000000000 
 11453 10984000000000 
 11457 10984000000000 
 11461 10984000000000 
 11465 10984000000000 
 11469 10984000000000 
 11473 10984000000000 
 11477 10984000000000 
 11481 10984000000000 
 11485 10984000000000 
 11489 10984000000000 
 11493 10984000000000 
 11497 10984000000000 
 11501 10984000000000 
 11505 10984000000000 
 11509 10984000000000 
 11513 10984000000000 
 11517 10984000000000 
 11521 10984000000000 
 11525 10984000000000 
 11529 10984000000000 
 11533 10984000000000 
 11537 10984000000000 
 11541 10984000000000 
 11545 10984000000000 
 11549 10984000000000 
 11553 10984000000000 
 11557 10984000000000 
 11561 10984000000000 
 11565 10984000000000 
 11569 10984000000000 
 11573 10984000000000 
 11577 10984000000000 
 11581 10984000000000 
 11585 10984000000000 
 11589 10984000000000 
 11593 10984000000000 
 11597 10984000000000 
 11601 10984000000000 
 11605 10984000000000 
 11609 10984000000000 
 11613 10984000000000 
 11617 10984000000000 
 11621 10984000000000 
 11625 10984000000000 
 11629 10984000000000 
 11633 10984000000000 
 11637 10984000000000 
 11641 10984000000000 
 11645 10300423000000 
 11649 9792082200000 
 11653 9309603300000 
 11657 8760453900000 
 11661 8525010400000 
 11665 8532715400000 
 11669 8466459200000 
 11673 8747330600000 
 11677 9167050900000 
 11681 10116276000000 
 11685 10524411000000 
 11689 10309576000000 
 11693 10387310000000 
 11697 10342889000000 
 11701 10066691000000 
 11705 9988797600000 
 11709 9995643300000 
 11713 9499501800000 
 11717 9086080700000 
 11721 9322740800000 
 11725 9752131500000 
 11729 10199059000000 
 11733 10513375000000 
 11737 10984000000000 
 11741 10984000000000 
 11745 10984000000000 
 11749 10984000000000 
 11753 10984000000000 
 11757 10984000000000 
 11761 10984000000000 
 11765 10984000000000 
 11769 10984000000000 
 11773 10984000000000 
 11777 10984000000000 
 11781 10984000000000 
 11785 10984000000000 
 11789 10984000000000 
 11793 10984000000000 
 11797 10069738000000 
 11801 9251272200000 
 11805 8596484400000 
 11809 7977475300000 
 11813 7535598000000 
 11817 6514110600000 
 11821 5653377900000 
 11825 4398418000000 
 11829 3804127800000 
 11833 3875631300000 
 11837 3825124600000 
 11841 4232212400000 
 11845 4768633000000 
 11849 5272867700000 
 11853 5810272500000 
 11857 5874074800000 
 11861 5779140400000 
 11865 5535956000000 
 11869 5224300700000 
 11873 4775940600000 
 11877 4326397800000 
 11881 3809195500000 
 11885 3671091800000 
 11889 3891098400000 
 11893 3859031600000 
 11897 3578504900000 
 11901 3268961700000 
 11905 3163112400000 
 11909 3409147000000 
 11913 3942426300000 
 11917 4912785700000 
 11921 6031780900000 
 11925 8229802300000 
 11929 10019231000000 
 11933 10984000000000 
 11937 10984000000000 
 11941 10984000000000 
 11945 10984000000000 
 11949 10984000000000 
 11953 10984000000000 
 11957 10984000000000 
 11961 10984000000000 
 11965 10984000000000 
 11969 10984000000000 
 11973 10984000000000 
 11977 10984000000000 
 11981 10984000000000 
 11985 10984000000000 
 11989 10984000000000 
 11993 10984000000000 
 11997 10984000000000 
 12001 176540000000 
 12005 10984000000000 
 12009 10529677000000 
 12013 10230939000000 
 12017 9982942700000 
 12021 9805386000000 
 12025 9807864800000 
 12029 10022232000000 
 12033 10326803000000 
 12037 10797179000000 
 12041 10984000000000 
 12045 10984000000000 
 12049 10984000000000 
 12053 10984000000000 
 12057 10984000000000 
 12061 10984000000000 
 12065 10984000000000 
 12069 10984000000000 
 12073 10984000000000 
 12077 10984000000000 
 12081 10984000000000 
 12085 10984000000000 
 12089 10984000000000 
 12093 10984000000000 
 12097 10984000000000 
 12101 10984000000000 
 12105 10984000000000 
 12109 10984000000000 
 12113 10869155000000 
 12117 10984000000000 
 12121 10984000000000 
 12125 10984000000000 
 12129 10984000000000 
 12133 10984000000000 
 12137 10984000000000 
 12141 10984000000000 
 12145 10984000000000 
 12149 10984000000000 
 12153 10984000000000 
 12157 10984000000000 
 12161 10953941000000 
 12165 10383993000000 
 12169 9809325200000 
 12173 9488656800000 
 12177 9065478200000 
 12181 8737854800000 
 12185 8344534400000 
 12189 7851716900000 
 12193 8050669100000 
 12197 8316747900000 
 12201 9254999900000 
 12205 10543139000000 
 12209 10984000000000 
 12213 10984000000000 
 12217 10984000000000 
 12221 10984000000000 
 12225 10984000000000 
 12229 10984000000000 
 12233 10984000000000 
 12237 10984000000000 
 12241 10984000000000 
 12245 10984000000000 
 12249 10984000000000 
 12253 10984000000000 
 12257 10984000000000 
 12261 10901034000000 
 12265 10609537000000 
 12269 10442446000000 
 12273 10423857000000 
 12277 10568662000000 
 12281 10785845000000 
 12285 10984000000000 
 12289 10984000000000 
 12293 10984000000000 
 12297 10984000000000 
 12301 10984000000000 
 12305 10984000000000 
 12309 10984000000000 
 12313 10984000000000 
 12317 10984000000000 
 12321 10984000000000 
 12325 10984000000000 
 12329 10984000000000 
 12333 10984000000000 
 12337 10984000000000 
 12341 10984000000000 
 12345 10984000000000 
 12349 10984000000000 
 12353 10984000000000 
 12357 10984000000000 
 12361 10984000000000 
 12365 10984000000000 
 12369 10984000000000 
 12373 10984000000000 
 12377 10984000000000 
 12381 10984000000000 
 12385 10984000000000 
 12389 10984000000000 
 12393 10984000000000 
 12397 10984000000000 
 12401 10984000000000 
 12405 10984000000000 
 12409 10984000000000 
 12413 10984000000000 
 12417 10984000000000 
 12421 10984000000000 
 12425 10984000000000 
 12429 10984000000000 
 12433 10984000000000 
 12437 10984000000000 
 12441 10984000000000 
 12445 10984000000000 
 12449 10984000000000 
 12453 10984000000000 
 12457 10984000000000 
 12461 10984000000000 
 12465 10984000000000 
 12469 10984000000000 
 12473 10984000000000 
 12477 10984000000000 
 12481 10676952000000 
 12485 10452300000000 
 12489 10447216000000 
 12493 10677562000000 
 12497 10984000000000 
 12501 10984000000000 
 12505 10984000000000 
 12509 10984000000000 
 12513 10984000000000 
 12517 10984000000000 
 12521 10984000000000 
 12525 10984000000000 
 12529 10984000000000 
 12533 10984000000000 
 12537 10984000000000 
 12541 10984000000000 
 12545 10984000000000 
 12549 10984000000000 
 12553 10984000000000 
 12557 10984000000000 
 12561 10984000000000 
 12565 10984000000000 
 12569 10984000000000 
 12573 10984000000000 
 12577 10984000000000 
 12581 10984000000000 
 12585 10984000000000 
 12589 10984000000000 
 12593 10984000000000 
 12597 10984000000000 
 12601 10984000000000 
 12605 10984000000000 
 12609 10984000000000 
 12613 10984000000000 
 12617 10984000000000 
 12621 10984000000000 
 12625 10984000000000 
 12629 10984000000000 
 12633 10984000000000 
 12637 10907260000000 
 12641 10745691000000 
 12645 10735129000000 
 12649 10908030000000 
 12653 10984000000000 
 12657 10984000000000 
 12661 10984000000000 
 12665 10984000000000 
 12669 10984000000000 
 12673 10984000000000 
 12677 10984000000000 
 12681 10984000000000 
 12685 10984000000000 
 12689 10984000000000 
 12693 10984000000000 
 12697 10984000000000 
 12701 10984000000000 
 12705 10984000000000 
 12709 10984000000000 
 12713 10984000000000 
 12717 10984000000000 
 12721 10984000000000 
 12725 10984000000000 
 12729 10984000000000 
 12733 10984000000000 
 12737 10984000000000 
 12741 10984000000000 
 12745 10984000000000 
 12749 10984000000000 
 12753 10984000000000 
 12757 10984000000000 
 12761 10984000000000 
 12765 10984000000000 
 12769 10984000000000 
 12773 10984000000000 
 12777 10984000000000 
 12781 10984000000000 
 12785 10984000000000 
 12789 10984000000000 
 12793 10984000000000 
 12797 10984000000000 
 12801 10984000000000 
 12805 10984000000000 
 12809 10984000000000 
 12813 10984000000000 
 12817 10984000000000 
 12821 10984000000000 
 12825 10984000000000 
 12829 10984000000000 
 12833 10984000000000 
 12837 10984000000000 
 12841 10984000000000 
 12845 10984000000000 
 12849 10984000000000 
 12853 10984000000000 
 12857 10984000000000 
 12861 10984000000000 
 12865 10984000000000 
 12869 10984000000000 
 12873 10984000000000 
 12877 10984000000000 
 12881 10984000000000 
 12885 10984000000000 
 12889 10984000000000 
 12893 10984000000000 
 12897 10984000000000 
 12901 10984000000000 
 12905 10984000000000 
 12909 10984000000000 
 12913 10984000000000 
 12917 10984000000000 
 12921 10984000000000 
 12925 10984000000000 
 12929 10447711000000 
 12933 9695198000000 
 12937 9011662200000 
 12941 8240091600000 
 12945 7387052800000 
 12949 7128027100000 
 12953 7292431700000 
 12957 8160930300000 
 12961 8244740400000 
 12965 8997457900000 
 12969 10309229000000 
 12973 10984000000000 
 12977 10984000000000 
 12981 10984000000000 
 12985 10984000000000 
 12989 10984000000000 
 12993 10984000000000 
 12997 10984000000000 
 13001 10984000000000 
 13005 10984000000000 
 13009 10984000000000 
 13013 10984000000000 
 13017 10984000000000 
 13021 10984000000000 
 13025 10984000000000 
 13029 10984000000000 
 13033 10984000000000 
 13037 10984000000000 
 13041 10984000000000 
 13045 10984000000000 
 13049 10984000000000 
 13053 10984000000000 
 13057 10984000000000 
 13061 10984000000000 
 13065 10984000000000 
 13069 10984000000000 
 13073 10984000000000 
 13077 10984000000000 
 13081 10984000000000 
 13085 10984000000000 
 13089 10984000000000 
 13093 10984000000000 
 13097 10984000000000 
 13101 10984000000000 
 13105 10984000000000 
 13109 10984000000000 
 13113 10984000000000 
 13117 10984000000000 
 13121 10984000000000 
 13125 10984000000000 
 13129 10984000000000 
 13133 10984000000000 
 13137 10984000000000 
 13141 10984000000000 
 13145 10984000000000 
 13149 10984000000000 
 13153 10984000000000 
 13157 10984000000000 
 13161 10984000000000 
 13165 10984000000000 
 13169 10984000000000 
 13173 10984000000000 
 13177 10984000000000 
 13181 10984000000000 
 13185 10984000000000 
 13189 10984000000000 
 13193 10984000000000 
 13197 10984000000000 
 13201 10984000000000 
 13205 10984000000000 
 13209 10984000000000 
 13213 10984000000000 
 13217 10984000000000 
 13221 10984000000000 
 13225 10809098000000 
 13229 10419575000000 
 13233 10134629000000 
 13237 9985302200000 
 13241 10075215000000 
 13245 10261819000000 
 13249 10560964000000 
 13253 10877423000000 
 13257 10984000000000 
 13261 10984000000000 
 13265 10984000000000 
 13269 10984000000000 
 13273 10984000000000 
 13277 10831985000000 
 13281 10503395000000 
 13285 10375579000000 
 13289 9871887100000 
 13293 8963127500000 
 13297 8738523600000 
 13301 8683974400000 
 13305 9146002900000 
 13309 9263911300000 
 13313 9481622300000 
 13317 9989526500000 
 13321 10379193000000 
 13325 10527819000000 
 13329 10984000000000 
 13333 10984000000000 
 13337 10984000000000 
 13341 10984000000000 
 13345 10984000000000 
 13349 10984000000000 
 13353 10984000000000 
 13357 10984000000000 
 13361 10984000000000 
 13365 10984000000000 
 13369 10984000000000 
 13373 10984000000000 
 13377 10810431000000 
 13381 10625230000000 
 13385 10320530000000 
 13389 10174398000000 
 13393 9481330400000 
 13397 8754312100000 
 13401 8048917200000 
 13405 7335924500000 
 13409 7926944300000 
 13413 8243068800000 
 13417 8117359700000 
 13421 8827318900000 
 13425 9914691700000 
 13429 10651141000000 
 13433 10622222000000 
 13437 10515775000000 
 13441 10475994000000 
 13445 10399306000000 
 13449 10387275000000 
 13453 10471348000000 
 13457 10541758000000 
 13461 10547068000000 
 13465 10529509000000 
 13469 10493122000000 
 13473 10503642000000 
 13477 10602485000000 
 13481 10819314000000 
 13485 10984000000000 
 13489 10984000000000 
 13493 10984000000000 
 13497 10984000000000 
 13501 10984000000000 
 13505 10984000000000 
 13509 10984000000000 
 13513 10984000000000 
 13517 10984000000000 
 13521 10984000000000 
 13525 10984000000000 
 13529 10984000000000 
 13533 10984000000000 
 13537 10984000000000 
 13541 10984000000000 
 13545 10984000000000 
 13549 10984000000000 
 13553 10984000000000 
 13557 10984000000000 
 13561 10984000000000 
 13565 10984000000000 
 13569 10984000000000 
 13573 10984000000000 
 13577 10984000000000 
 13581 10984000000000 
 13585 10984000000000 
 13589 10984000000000 
 13593 10984000000000 
 13597 10984000000000 
 13601 10984000000000 
 13605 10984000000000 
 13609 10984000000000 
 13613 10984000000000 
 13617 10984000000000 
 13621 10984000000000 
 13625 10984000000000 
 13629 10984000000000 
 13633 10984000000000 
 13637 10984000000000 
 13641 10984000000000 
 13645 10984000000000 
 13649 10984000000000 
 13653 10984000000000 
 13657 10984000000000 
 13661 10984000000000 
 13665 10984000000000 
 13669 10984000000000 
 13673 10984000000000 
 13677 10984000000000 
 13681 10984000000000 
 13685 10984000000000 
 13689 10984000000000 
 13693 10984000000000 
 13697 10984000000000 
 13701 10984000000000 
 13705 10984000000000 
 13709 10984000000000 
 13713 10984000000000 
 13717 10984000000000 
 13721 10984000000000 
 13725 10984000000000 
 13729 10984000000000 
 13733 10984000000000 
 13737 10984000000000 
 13741 10984000000000 
 13745 10433616000000 
 13749 10107333000000 
 13753 9724886200000 
 13757 9375085000000 
 13761 9039509100000 
 13765 8504794300000 
 13769 7989745500000 
 13773 8418355000000 
 13777 9261057200000 
 13781 10404809000000 
 13785 10984000000000 
 13789 10984000000000 
 13793 10984000000000 
 13797 10984000000000 
 13801 10984000000000 
 13805 10984000000000 
 13809 10984000000000 
 13813 10984000000000 
 13817 10984000000000 
 13821 10984000000000 
 13825 10984000000000 
 13829 10984000000000 
 13833 10984000000000 
 13837 10984000000000 
 13841 10984000000000 
 13845 10984000000000 
 13849 10984000000000 
 13853 10984000000000 
 13857 10984000000000 
 13861 10984000000000 
 13865 10984000000000 
 13869 10984000000000 
 13873 10984000000000 
 13877 10984000000000 
 13881 10984000000000 
 13885 10984000000000 
 13889 10984000000000 
 13893 10984000000000 
 13897 10984000000000 
 13901 10984000000000 
 13905 10984000000000 
 13909 10984000000000 
 13913 10984000000000 
 13917 10984000000000 
 13921 10984000000000 
 13925 10984000000000 
 13929 10984000000000 
 13933 10984000000000 
 13937 10984000000000 
 13941 10984000000000 
 13945 10984000000000 
 13949 10984000000000 
 13953 10984000000000 
 13957 10984000000000 
 13961 10984000000000 
 13965 10984000000000 
 13969 10984000000000 
 13973 10984000000000 
 13977 10984000000000 
 13981 10984000000000 
 13985 10984000000000 
 13989 10984000000000 
 13993 10984000000000 
 13997 10984000000000 
 14001 10984000000000 
 14005 10984000000000 
 14009 10984000000000 
 14013 10984000000000 
 14017 10984000000000 
 14021 10984000000000 
 14025 10984000000000 
 14029 10984000000000 
 14033 10984000000000 
 14037 10984000000000 
 14041 10984000000000 
 14045 10984000000000 
 14049 10984000000000 
 14053 10984000000000 
 14057 10984000000000 
 14061 10984000000000 
 14065 10984000000000 
 14069 10984000000000 
 14073 10984000000000 
 14077 10984000000000 
 14081 10984000000000 
 14085 10984000000000 
 14089 10984000000000 
 14093 10984000000000 
 14097 10984000000000 
 14101 10984000000000 
 14105 10984000000000 
 14109 10984000000000 
 14113 10984000000000 
 14117 10984000000000 
 14121 10984000000000 
 14125 10984000000000 
 14129 10984000000000 
 14133 10984000000000 
 14137 10984000000000 
 14141 10984000000000 
 14145 10984000000000 
 14149 10984000000000 
 14153 10984000000000 
 14157 10984000000000 
 14161 10984000000000 
 14165 10984000000000 
 14169 10984000000000 
 14173 10984000000000 
 14177 10984000000000 
 14181 10984000000000 
 14185 10984000000000 
 14189 10984000000000 
 14193 10984000000000 
 14197 10984000000000 
 14201 10984000000000 
 14205 10984000000000 
 14209 10984000000000 
 14213 10984000000000 
 14217 10984000000000 
 14221 10984000000000 
 14225 10984000000000 
 14229 10984000000000 
 14233 10984000000000 
 14237 10984000000000 
 14241 10984000000000 
 14245 10984000000000 
 14249 10984000000000 
 14253 10984000000000 
 14257 10984000000000 
 14261 10984000000000 
 14265 10984000000000 
 14269 10984000000000 
 14273 10984000000000 
 14277 10984000000000 
 14281 10984000000000 
 14285 10984000000000 
 14289 10984000000000 
 14293 10984000000000 
 14297 10984000000000 
 14301 10984000000000 
 14305 10984000000000 
 14309 10984000000000 
 14313 10984000000000 
 14317 10984000000000 
 14321 10984000000000 
 14325 10984000000000 
 14329 10984000000000 
 14333 10984000000000 
 14337 10984000000000 
 14341 10984000000000 
 14345 10984000000000 
 14349 10984000000000 
 14353 10984000000000 
 14357 10984000000000 
 14361 10984000000000 
 14365 10984000000000 
 14369 10984000000000 
 14373 10984000000000 
 14377 10984000000000 
 14381 10984000000000 
 14385 10984000000000 
 14389 10984000000000 
 14393 10984000000000 
 14397 10984000000000 
 14401 10984000000000 
 14405 10984000000000 
 14409 10984000000000 
 14413 10984000000000 
 14417 10984000000000 
 14421 10984000000000 
 14425 10984000000000 
 14429 10984000000000 
 14433 10984000000000 
 14437 10984000000000 
 14441 10984000000000 
 14445 10984000000000 
 14449 10984000000000 
 14453 10984000000000 
 14457 10984000000000 
 14461 10984000000000 
 14465 10984000000000 
 14469 10984000000000 
 14473 10984000000000 
 14477 10984000000000 
 14481 10984000000000 
 14485 10984000000000 
 14489 10984000000000 
 14493 10984000000000 
 14497 10984000000000 
 14501 10984000000000 
 14505 10984000000000 
 14509 10984000000000 
 14513 10984000000000 
 14517 10984000000000 
 14521 10984000000000 
 14525 10984000000000 
 14529 10984000000000 
 14533 10984000000000 
 14537 10984000000000 
 14541 10984000000000 
 14545 10984000000000 
 14549 10984000000000 
 14553 10984000000000 
 14557 10984000000000 
 14561 10984000000000 
 14565 10984000000000 
 14569 10984000000000 
 14573 10984000000000 
 14577 10984000000000 
 14581 10984000000000 
 14585 10984000000000 
 14589 10984000000000 
 14593 10984000000000 
 14597 10984000000000 
 14601 10984000000000 
 14605 10984000000000 
 14609 10984000000000 
 14613 10984000000000 
 14617 10984000000000 
 14621 10984000000000 
 14625 10984000000000 
 14629 10984000000000 
 14633 10984000000000 
 14637 10984000000000 
 14641 10984000000000 
 14645 10984000000000 
 14649 10984000000000 
 14653 10984000000000 
 14657 10984000000000 
 14661 10984000000000 
 14665 10984000000000 
 14669 10984000000000 
 14673 10984000000000 
 14677 10984000000000 
 14681 10984000000000 
 14685 10984000000000 
 14689 10984000000000 
 14693 10984000000000 
 14697 10984000000000 
 14701 10984000000000 
 14705 10984000000000 
 14709 10984000000000 
 14713 10984000000000 
 14717 10984000000000 
 14721 10984000000000 
 14725 10984000000000 
 14729 10984000000000 
 14733 10984000000000 
 14737 10984000000000 
 14741 10984000000000 
 14745 10984000000000 
 14749 10984000000000 
 14753 10984000000000 
 14757 10984000000000 
 14761 10984000000000 
 14765 10984000000000 
 14769 10984000000000 
 14773 10984000000000 
 14777 10984000000000 
 14781 10984000000000 
 14785 10984000000000 
 14789 10984000000000 
 14793 10984000000000 
 14797 10984000000000 
 14801 10984000000000 
 14805 10984000000000 
 14809 10984000000000 
 14813 10984000000000 
 14817 10984000000000 
 14821 10984000000000 
 14825 10984000000000 
 14829 10984000000000 
 14833 10984000000000 
 14837 10984000000000 
 14841 10984000000000 
 14845 10984000000000 
 14849 10984000000000 
 14853 10984000000000 
 14857 10984000000000 
 14861 10984000000000 
 14865 10984000000000 
 14869 10984000000000 
 14873 10984000000000 
 14877 10972045000000 
 14881 10625171000000 
 14885 10302100000000 
 14889 10110448000000 
 14893 9978528300000 
 14897 9972520700000 
 14901 10268013000000 
 14905 10925125000000 
 14909 10984000000000 
 14913 10984000000000 
 14917 10984000000000 
 14921 10984000000000 
 14925 10984000000000 
 14929 10984000000000 
 14933 10984000000000 
 14937 10984000000000 
 14941 10984000000000 
 14945 10984000000000 
 14949 10984000000000 
 14953 10984000000000 
 14957 10984000000000 
 14961 10984000000000 
 14965 10984000000000 
 14969 10984000000000 
 14973 10984000000000 
 14977 10984000000000 
 14981 10984000000000 
 14985 10984000000000 
 14989 10984000000000 
 14993 10984000000000 
 14997 10984000000000 
 15001 10984000000000 
 15005 10984000000000 
 15009 10984000000000 
 15013 10984000000000 
 15017 10984000000000 
 15021 10984000000000 
 15025 10984000000000 
 15029 10984000000000 
 15033 10984000000000 
 15037 10984000000000 
 15041 10984000000000 
 15045 10984000000000 
 15049 10984000000000 
 15053 10984000000000 
 15057 10984000000000 
 15061 10984000000000 
 15065 10984000000000 
 15069 10984000000000 
 15073 10984000000000 
 15077 10984000000000 
 15081 10984000000000 
 15085 10984000000000 
 15089 10984000000000 
 15093 10984000000000 
 15097 10984000000000 
 15101 10984000000000 
 15105 10984000000000 
 15109 10984000000000 
 15113 10984000000000 
 15117 10984000000000 
 15121 10984000000000 
 15125 10984000000000 
 15129 10984000000000 
 15133 10984000000000 
 15137 10984000000000 
 15141 10984000000000 
 15145 10984000000000 
 15149 10984000000000 
 15153 10984000000000 
 15157 10984000000000 
 15161 10984000000000 
 15165 10984000000000 
 15169 10984000000000 
 15173 10771270000000 
 15177 10578882000000 
 15181 10544983000000 
 15185 10729356000000 
 15189 10984000000000 
 15193 10984000000000 
 15197 10984000000000 
 15201 10984000000000 
 15205 10984000000000 
 15209 10984000000000 
 15213 10984000000000 
 15217 10984000000000 
 15221 10984000000000 
 15225 10984000000000 
 15229 10984000000000 
 15233 10984000000000 
 15237 10984000000000 
 15241 10984000000000 
 15245 10984000000000 
 15249 10984000000000 
 15253 10984000000000 
 15257 10984000000000 
 15261 10984000000000 
 15265 10984000000000 
 15269 10984000000000 
 15273 10984000000000 
 15277 10984000000000 
 15281 10984000000000 
 15285 10984000000000 
 15289 10984000000000 
 15293 10984000000000 
 15297 10984000000000 
 15301 10984000000000 
 15305 10984000000000 
 15309 10984000000000 
 15313 10984000000000 
 15317 10984000000000 
 15321 10984000000000 
 15325 10984000000000 
 15329 10984000000000 
 15333 10984000000000 
 15337 10903862000000 
 15341 10670037000000 
 15345 10627776000000 
 15349 10763307000000 
 15353 10984000000000 
 15357 10984000000000 
 15361 10984000000000 
 15365 10984000000000 
 15369 10984000000000 
 15373 10984000000000 
 15377 10984000000000 
 15381 10984000000000 
 15385 10984000000000 
 15389 10984000000000 
 15393 10984000000000 
 15397 10984000000000 
 15401 10984000000000 
 15405 10984000000000 
 15409 10984000000000 
 15413 10984000000000 
 15417 10984000000000 
 15421 10984000000000 
 15425 10984000000000 
 15429 10984000000000 
 15433 10984000000000 
 15437 10984000000000 
 15441 10984000000000 
 15445 10984000000000 
 15449 10984000000000 
 15453 10984000000000 
 15457 10984000000000 
 15461 10984000000000 
 15465 10984000000000 
 15469 10984000000000 
 15473 10984000000000 
 15477 10984000000000 
 15481 10984000000000 
 15485 10984000000000 
 15489 10984000000000 
 15493 10984000000000 
 15497 10984000000000 
 15501 10984000000000 
 15505 10984000000000 
 15509 10984000000000 
 15513 10984000000000 
 15517 10984000000000 
 15521 10984000000000 
 15525 10984000000000 
 15529 10984000000000 
 15533 10984000000000 
 15537 10984000000000 
 15541 10984000000000 
 15545 10984000000000 
 15549 10984000000000 
 15553 10984000000000 
 15557 10984000000000 
 15561 10984000000000 
 15565 10984000000000 
 15569 10984000000000 
 15573 10984000000000 
 15577 10984000000000 
 15581 10984000000000 
 15585 10984000000000 
 15589 10984000000000 
 15593 10984000000000 
 15597 10984000000000 
 15601 10984000000000 
 15605 10984000000000 
 15609 10984000000000 
 15613 10984000000000 
 15617 10984000000000 
 15621 10984000000000 
 15625 10984000000000 
 15629 10984000000000 
 15633 10984000000000 
 15637 10984000000000 
 15641 10984000000000 
 15645 10984000000000 
 15649 10984000000000 
 15653 10984000000000 
 15657 10984000000000 
 15661 10984000000000 
 15665 10984000000000 
 15669 10984000000000 
 15673 10984000000000 
 15677 10984000000000 
 15681 10984000000000 
 15685 10984000000000 
 15689 10984000000000 
 15693 10984000000000 
 15697 10984000000000 
 15701 10984000000000 
 15705 10984000000000 
 15709 10984000000000 
 15713 10984000000000 
 15717 10984000000000 
 15721 10984000000000 
 15725 10984000000000 
 15729 10984000000000 
 15733 10984000000000 
 15737 10984000000000 
 15741 10984000000000 
 15745 10984000000000 
 15749 10984000000000 
 15753 10984000000000 
 15757 10984000000000 
 15761 10984000000000 
 15765 10984000000000 
 15769 10984000000000 
 15773 10984000000000 
 15777 10984000000000 
 15781 10984000000000 
 15785 10984000000000 
 15789 10984000000000 
 15793 10984000000000 
 15797 10984000000000 
 15801 10984000000000 
 15805 10984000000000 
 15809 10984000000000 
 15813 10984000000000 
 15817 10984000000000 
 15821 10984000000000 
 15825 10984000000000 
 15829 10984000000000 
 15833 10984000000000 
 15837 10984000000000 
 15841 10984000000000 
 15845 10984000000000 
 15849 10984000000000 
 15853 10984000000000 
 15857 10984000000000 
 15861 10984000000000 
 15865 10984000000000 
 15869 10984000000000 
 15873 10984000000000 
 15877 10984000000000 
 15881 10984000000000 
 15885 10984000000000 
 15889 10984000000000 
 15893 10984000000000 
 15897 10984000000000 
 15901 10984000000000 
 15905 10984000000000 
 15909 10984000000000 
 15913 10984000000000 
 15917 10984000000000 
 15921 10984000000000 
 15925 10984000000000 
 15929 10984000000000 
 15933 10984000000000 
 15937 10984000000000 
 15941 10984000000000 
 15945 10984000000000 
 15949 10984000000000 
 15953 10984000000000 
 15957 10984000000000 
 15961 10984000000000 
 15965 10984000000000 
 15969 10984000000000 
 15973 10984000000000 
 15977 10984000000000 
 15981 10984000000000 
 15985 10984000000000 
 15989 10984000000000 
 15993 10984000000000 
 15997 10984000000000 
 16001 10984000000000 
 16005 10984000000000 
 16009 10984000000000 
 16013 10984000000000 
 16017 10984000000000 
 16021 10984000000000 
 16025 10984000000000 
 16029 10984000000000 
 16033 10984000000000 
 16037 10984000000000 
 16041 10984000000000 
 16045 10984000000000 
 16049 10984000000000 
 16053 10984000000000 
 16057 10984000000000 
 16061 10984000000000 
 16065 10984000000000 
 16069 10984000000000 
 16073 10984000000000 
 16077 10984000000000 
 16081 10984000000000 
 16085 10984000000000 
 16089 10984000000000 
 16093 10984000000000 
 16097 10984000000000 
 16101 10984000000000 
 16105 10984000000000 
 16109 10984000000000 
 16113 10984000000000 
 16117 10984000000000 
 16121 10984000000000 
 16125 10984000000000 
 16129 10984000000000 
 16133 10984000000000 
 16137 10984000000000 
 16141 10984000000000 
 16145 10984000000000 
 16149 10984000000000 
 16153 10984000000000 
 16157 10984000000000 
 16161 10984000000000 
 16165 10984000000000 
 16169 10984000000000 
 16173 10984000000000 
 16177 10984000000000 
 16181 10984000000000 
 16185 10984000000000 
 16189 10984000000000 
 16193 10984000000000 
 16197 10984000000000 
 16201 10984000000000 
 16205 10984000000000 
 16209 10984000000000 
 16213 10984000000000 
 16217 10984000000000 
 16221 10984000000000 
 16225 10984000000000 
 16229 10984000000000 
 16233 10984000000000 
 16237 10984000000000 
 16241 10984000000000 
 16245 10984000000000 
 16249 10984000000000 
 16253 10984000000000 
 16257 10984000000000 
 16261 10984000000000 
 16265 10984000000000 
 16269 10984000000000 
 16273 10984000000000 
 16277 10984000000000 
 16281 10984000000000 
 16285 10984000000000 
 16289 10984000000000 
 16293 10617368000000 
 16297 10318770000000 
 16301 10103717000000 
 16305 10050997000000 
 16309 10251796000000 
 16313 10659424000000 
 16317 10984000000000 
 16321 10984000000000 
 16325 10984000000000 
 16329 10984000000000 
 16333 10984000000000 
 16337 10984000000000 
 16341 10984000000000 
 16345 10984000000000 
 16349 10984000000000 
 16353 10984000000000 
 16357 10984000000000 
 16361 10984000000000 
 16365 10984000000000 
 16369 10984000000000 
 16373 10984000000000 
 16377 10984000000000 
 16381 10984000000000 
 16385 10984000000000 
 16389 10984000000000 
 16393 10984000000000 
 16397 10984000000000 
 16401 176540000000 
 16405 10984000000000 
 16409 10984000000000 
 16413 10984000000000 
 16417 10984000000000 
 16421 10984000000000 
 16425 10984000000000 
 16429 10984000000000 
 16433 10984000000000 
 16437 10984000000000 
 16441 10984000000000 
 16445 10984000000000 
 16449 10984000000000 
 16453 10824695000000 
 16457 10431463000000 
 16461 10028562000000 
 16465 9624611600000 
 16469 9395653200000 
 16473 9288645100000 
 16477 9391197800000 
 16481 9802717500000 
 16485 10522150000000 
 16489 10984000000000 
 16493 10984000000000 
 16497 10984000000000 
 16501 10984000000000 
 16505 10984000000000 
 16509 10984000000000 
 16513 10984000000000 
 16517 10984000000000 
 16521 10984000000000 
 16525 10984000000000 
 16529 10984000000000 
 16533 10984000000000 
 16537 10984000000000 
 16541 10984000000000 
 16545 10984000000000 
 16549 10984000000000 
 16553 10984000000000 
 16557 10984000000000 
 16561 10984000000000 
 16565 10984000000000 
 16569 10984000000000 
 16573 10984000000000 
 16577 10984000000000 
 16581 10984000000000 
 16585 10984000000000 
 16589 10984000000000 
 16593 10984000000000 
 16597 10984000000000 
 16601 10984000000000 
 16605 10984000000000 
 16609 10984000000000 
 16613 10984000000000 
 16617 10984000000000 
 16621 10984000000000 
 16625 10984000000000 
 16629 10984000000000 
 16633 10984000000000 
 16637 10984000000000 
 16641 10984000000000 
 16645 10984000000000 
 16649 10984000000000 
 16653 10984000000000 
 16657 10984000000000 
 16661 10984000000000 
 16665 10984000000000 
 16669 10984000000000 
 16673 10984000000000 
 16677 10984000000000 
 16681 10984000000000 
 16685 10984000000000 
 16689 10984000000000 
 16693 10984000000000 
 16697 10984000000000 
 16701 10984000000000 
 16705 10984000000000 
 16709 10984000000000 
 16713 10984000000000 
 16717 10984000000000 
 16721 10984000000000 
 16725 10984000000000 
 16729 10984000000000 
 16733 10984000000000 
 16737 10984000000000 
 16741 10984000000000 
 16745 10571508000000 
 16749 10213800000000 
 16753 9881754800000 
 16757 9690388200000 
 16761 9717402100000 
 16765 9939647400000 
 16769 10223213000000 
 16773 10614735000000 
 16777 10984000000000 
 16781 10984000000000 
 16785 10984000000000 
 16789 10984000000000 
 16793 10984000000000 
 16797 10984000000000 
 16801 10984000000000 
 16805 10984000000000 
 16809 10984000000000 
 16813 10984000000000 
 16817 10984000000000 
 16821 10984000000000 
 16825 10984000000000 
 16829 10984000000000 
 16833 10984000000000 
 16837 10984000000000 
 16841 10984000000000 
 16845 10984000000000 
 16849 10984000000000 
 16853 10984000000000 
 16857 10984000000000 
 16861 10984000000000 
 16865 10984000000000 
 16869 10984000000000 
 16873 10984000000000 
 16877 10984000000000 
 16881 10984000000000 
 16885 10984000000000 
 16889 10984000000000 
 16893 10984000000000 
 16897 10984000000000 
 16901 10984000000000 
 16905 10984000000000 
 16909 10984000000000 
 16913 10984000000000 
 16917 10907552000000 
 16921 10473694000000 
 16925 10227740000000 
 16929 10205595000000 
 16933 10337347000000 
 16937 10611723000000 
 16941 10984000000000 
 16945 10984000000000 
 16949 10984000000000 
 16953 10984000000000 
 16957 10984000000000 
 16961 10984000000000 
 16965 10984000000000 
 16969 10984000000000 
 16973 10984000000000 
 16977 10984000000000 
 16981 10984000000000 
 16985 10984000000000 
 16989 10984000000000 
 16993 10984000000000 
 16997 10984000000000 
 17001 10984000000000 
 17005 10984000000000 
 17009 10984000000000 
 17013 10984000000000 
 17017 10984000000000 
 17021 10984000000000 
 17025 10984000000000 
 17029 10984000000000 
 17033 10984000000000 
 17037 10984000000000 
 17041 10984000000000 
 17045 10984000000000 
 17049 10984000000000 
 17053 10984000000000 
 17057 10984000000000 
 17061 10984000000000 
 17065 10984000000000 
 17069 10984000000000 
 17073 10984000000000 
 17077 10984000000000 
 17081 10984000000000 
 17085 10984000000000 
 17089 10984000000000 
 17093 10984000000000 
 17097 10984000000000 
 17101 10984000000000 
 17105 10984000000000 
 17109 10984000000000 
 17113 10984000000000 
 17117 10984000000000 
 17121 10984000000000 
 17125 10984000000000 
 17129 10984000000000 
 17133 10984000000000 
 17137 10984000000000 
 17141 10984000000000 
 17145 10984000000000 
 17149 10984000000000 
 17153 10984000000000 
 17157 10984000000000 
 17161 10984000000000 
 17165 10984000000000 
 17169 10984000000000 
 17173 10984000000000 
 17177 10984000000000 
 17181 10984000000000 
 17185 10984000000000 
 17189 10984000000000 
 17193 10984000000000 
 17197 10984000000000 
 17201 10984000000000 
 17205 10984000000000 
 17209 10984000000000 
 17213 10984000000000 
 17217 10984000000000 
 17221 10984000000000 
 17225 10984000000000 
 17229 10984000000000 
 17233 10984000000000 
 17237 10984000000000 
 17241 10984000000000 
 17245 10984000000000 
 17249 10984000000000 
 17253 10984000000000 
 17257 10984000000000 
 17261 10984000000000 
 17265 10984000000000 
 17269 10984000000000 
 17273 10984000000000 
 17277 10984000000000 
 17281 10984000000000 
 17285 10984000000000 
 17289 10984000000000 
 17293 10984000000000 
 17297 10984000000000 
 17301 10984000000000 
 17305 10984000000000 
 17309 10984000000000 
 17313 10984000000000 
 17317 10984000000000 
 17321 10984000000000 
 17325 10984000000000 
 17329 10984000000000 
 17333 10984000000000 
 17337 10984000000000 
 17341 10984000000000 
 17345 10984000000000 
 17349 10984000000000 
 17353 10984000000000 
 17357 10984000000000 
 17361 10984000000000 
 17365 10984000000000 
 17369 10984000000000 
 17373 10984000000000 
 17377 10984000000000 
 17381 10984000000000 
 17385 10984000000000 
 17389 10984000000000 
 17393 10984000000000 
 17397 10984000000000 
 17401 10984000000000 
 17405 10984000000000 
 17409 10984000000000 
 17413 10984000000000 
 17417 10984000000000 
 17421 10984000000000 
 17425 10984000000000 
 17429 10984000000000 
 17433 10984000000000 
 17437 10984000000000 
 17441 10984000000000 
 17445 10984000000000 
 17449 10984000000000 
 17453 10984000000000 
 17457 10984000000000 
 17461 10984000000000 
 17465 10984000000000 
 17469 10984000000000 
 17473 10984000000000 
 17477 10984000000000 
 17481 10984000000000 
 17485 10984000000000 
 17489 10984000000000 
 17493 10984000000000 
 17497 10984000000000 
 17501 10984000000000 
 17505 10984000000000 
 17509 10984000000000 
 17513 10984000000000 
 17517 10984000000000 
 17521 10984000000000 
 17525 10984000000000 
 17529 10984000000000 
 17533 10984000000000 
 17537 10984000000000 
 17541 10984000000000 
 17545 10984000000000 
 17549 10984000000000 
 17553 10984000000000 
 17557 10984000000000 
 17561 10984000000000 
 17565 10984000000000 
 17569 10984000000000 
 17573 10984000000000 
 17577 10984000000000 
 17581 10984000000000 
 17585 10984000000000 
 17589 10984000000000 
 17593 10984000000000 
 17597 10984000000000 
 17601 10984000000000 
 17605 10984000000000 
 17609 10984000000000 
 17613 10984000000000 
 17617 10984000000000 
 17621 10984000000000 
 17625 10984000000000 
 17629 10984000000000 
 17633 10984000000000 
 17637 10984000000000 
 17641 10984000000000 
 17645 10984000000000 
 17649 10984000000000 
 17653 10984000000000 
 17657 10984000000000 
 17661 10984000000000 
 17665 10984000000000 
 17669 10984000000000 
 17673 10984000000000 
 17677 10984000000000 
 17681 10984000000000 
 17685 10984000000000 
 17689 10984000000000 
 17693 10984000000000 
 17697 10984000000000 
 17701 10984000000000 
 17705 10984000000000 
 17709 10984000000000 
 17713 10984000000000 
 17717 10984000000000 
 17721 10984000000000 
 17725 10984000000000 
 17729 10984000000000 
 17733 10984000000000 
 17737 10984000000000 
 17741 10984000000000 
 17745 10984000000000 
 17749 10984000000000 
 17753 10984000000000 
 17757 10984000000000 
 17761 10984000000000 
 17765 10984000000000 
 17769 10984000000000 
 17773 10984000000000 
 17777 10984000000000 
 17781 10984000000000 
 17785 10984000000000 
 17789 10984000000000 
 17793 10984000000000 
 17797 10984000000000 
 17801 10984000000000 
 17805 10984000000000 
 17809 10984000000000 
 17813 10984000000000 
 17817 10984000000000 
 17821 10984000000000 
 17825 10984000000000 
 17829 10984000000000 
 17833 10984000000000 
 17837 10984000000000 
 17841 10984000000000 
 17845 10984000000000 
 17849 10984000000000 
 17853 10984000000000 
 17857 10984000000000 
 17861 10984000000000 
 17865 10984000000000 
 17869 10984000000000 
 17873 10984000000000 
 17877 10984000000000 
 17881 10984000000000 
 17885 10984000000000 
 17889 10984000000000 
 17893 10984000000000 
 17897 10984000000000 
 17901 10984000000000 
 17905 10984000000000 
 17909 10984000000000 
 17913 10984000000000 
 17917 10984000000000 
 17921 10984000000000 
 17925 10984000000000 
 17929 10984000000000 
 17933 10984000000000 
 17937 10984000000000 
 17941 10984000000000 
 17945 10984000000000 
 17949 10984000000000 
 17953 10984000000000 
 17957 10984000000000 
 17961 10984000000000 
 17965 10984000000000 
 17969 10984000000000 
 17973 10984000000000 
 17977 10984000000000 
 17981 10984000000000 
 17985 10984000000000 
 17989 10984000000000 
 17993 10984000000000 
 17997 10984000000000 
 18001 10984000000000 
 18005 10984000000000 
 18009 10984000000000 
 18013 10984000000000 
 18017 10984000000000 
 18021 10984000000000 
 18025 10984000000000 
 18029 10984000000000 
 18033 10984000000000 
 18037 10984000000000 
 18041 10984000000000 
 18045 10984000000000 
 18049 10984000000000 
 18053 10984000000000 
 18057 10984000000000 
 18061 10984000000000 
 18065 10984000000000 
 18069 10984000000000 
 18073 10984000000000 
 18077 10984000000000 
 18081 10984000000000 
 18085 10984000000000 
 18089 10984000000000 
 18093 10984000000000 
 18097 10984000000000 
 18101 10984000000000 
 18105 10984000000000 
 18109 10984000000000 
 18113 10984000000000 
 18117 10984000000000 
 18121 10984000000000 
 18125 10984000000000 
 18129 10984000000000 
 18133 10984000000000 
 18137 10984000000000 
 18141 10984000000000 
 18145 10984000000000 
 18149 10984000000000 
 18153 10984000000000 
 18157 10984000000000 
 18161 10984000000000 
 18165 10984000000000 
 18169 10984000000000 
 18173 10984000000000 
 18177 10984000000000 
 18181 10984000000000 
 18185 10984000000000 
 18189 10984000000000 
 18193 10984000000000 
 18197 10984000000000 
 18201 10984000000000 
 18205 10984000000000 
 18209 10984000000000 
 18213 10984000000000 
 18217 10984000000000 
 18221 10984000000000 
 18225 10984000000000 
 18229 10984000000000 
 18233 10984000000000 
 18237 10984000000000 
 18241 10984000000000 
 18245 10984000000000 
 18249 10984000000000 
 18253 10984000000000 
 18257 10984000000000 
 18261 10984000000000 
 18265 10984000000000 
 18269 10984000000000 
 18273 10984000000000 
 18277 10984000000000 
 18281 10984000000000 
 18285 10984000000000 
 18289 10984000000000 
 18293 10984000000000 
 18297 10984000000000 
 18301 10984000000000 
 18305 10984000000000 
 18309 10984000000000 
 18313 10984000000000 
 18317 10984000000000 
 18321 10984000000000 
 18325 10984000000000 
 18329 10984000000000 
 18333 10984000000000 
 18337 10984000000000 
 18341 10984000000000 
 18345 10984000000000 
 18349 10984000000000 
 18353 10984000000000 
 18357 10984000000000 
 18361 10984000000000 
 18365 10984000000000 
 18369 10984000000000 
 18373 10984000000000 
 18377 10984000000000 
 18381 10984000000000 
 18385 10984000000000 
 18389 10984000000000 
 18393 10984000000000 
 18397 10984000000000 
 18401 10984000000000 
 18405 10984000000000 
 18409 10984000000000 
 18413 10984000000000 
 18417 10984000000000 
 18421 10984000000000 
 18425 10984000000000 
 18429 10984000000000 
 18433 10984000000000 
 18437 10984000000000 
 18441 10984000000000 
 18445 10984000000000 
 18449 10984000000000 
 18453 10984000000000 
 18457 10984000000000 
 18461 10984000000000 
 18465 10984000000000 
 18469 10984000000000 
 18473 10984000000000 
 18477 10984000000000 
 18481 10984000000000 
 18485 10984000000000 
 18489 10984000000000 
 18493 10984000000000 
 18497 10984000000000 
 18501 10984000000000 
 18505 10984000000000 
 18509 10984000000000 
 18513 10984000000000 
 18517 10984000000000 
 18521 10984000000000 
 18525 10984000000000 
 18529 10984000000000 
 18533 10984000000000 
 18537 10984000000000 
 18541 10984000000000 
 18545 10984000000000 
 18549 10984000000000 
 18553 10984000000000 
 18557 10984000000000 
 18561 10984000000000 
 18565 10984000000000 
 18569 10984000000000 
 18573 10984000000000 
 18577 10984000000000 
 18581 10984000000000 
 18585 10984000000000 
 18589 10984000000000 
 18593 10984000000000 
 18597 10984000000000 
 18601 10984000000000 
 18605 10984000000000 
 18609 10984000000000 
 18613 10984000000000 
 18617 10984000000000 
 18621 10984000000000 
 18625 10984000000000 
 18629 10984000000000 
 18633 10984000000000 
 18637 10984000000000 
 18641 10984000000000 
 18645 10984000000000 
 18649 10984000000000 
 18653 10984000000000 
 18657 10984000000000 
 18661 10984000000000 
 18665 10984000000000 
 18669 10984000000000 
 18673 10984000000000 
 18677 10984000000000 
 18681 10984000000000 
 18685 10984000000000 
 18689 10984000000000 
 18693 10984000000000 
 18697 10984000000000 
 18701 10984000000000 
 18705 10984000000000 
 18709 10984000000000 
 18713 10984000000000 
 18717 10984000000000 
 18721 10984000000000 
 18725 10984000000000 
 18729 10984000000000 
 18733 10984000000000 
 18737 10984000000000 
 18741 10984000000000 
 18745 10984000000000 
 18749 10984000000000 
 18753 10984000000000 
 18757 10984000000000 
 18761 10984000000000 
 18765 10984000000000 
 18769 10984000000000 
 18773 10984000000000 
 18777 10984000000000 
 18781 10984000000000 
 18785 10984000000000 
 18789 10984000000000 
 18793 10984000000000 
 18797 10984000000000 
 18801 10984000000000 
 18805 10984000000000 
 18809 10984000000000 
 18813 10984000000000 
 18817 10984000000000 
 18821 10984000000000 
 18825 10984000000000 
 18829 10984000000000 
 18833 10984000000000 
 18837 10984000000000 
 18841 10984000000000 
 18845 10984000000000 
 18849 10984000000000 
 18853 10984000000000 
 18857 10984000000000 
 18861 10984000000000 
 18865 10984000000000 
 18869 10984000000000 
 18873 10984000000000 
 18877 10984000000000 
 18881 10984000000000 
 18885 10984000000000 
 18889 10984000000000 
 18893 10984000000000 
 18897 10984000000000 
 18901 10984000000000 
 18905 10984000000000 
 18909 10984000000000 
 18913 10984000000000 
 18917 10984000000000 
 18921 10984000000000 
 18925 10984000000000 
 18929 10984000000000 
 18933 10984000000000 
 18937 10984000000000 
 18941 10984000000000 
 18945 10984000000000 
 18949 10984000000000 
 18953 10984000000000 
 18957 10984000000000 
 18961 10984000000000 
 18965 10984000000000 
 18969 10984000000000 
 18973 10984000000000 
 18977 10984000000000 
 18981 10984000000000 
 18985 10984000000000 
 18989 10984000000000 
 18993 10984000000000 
 18997 10984000000000 
 19001 10984000000000 
 19005 10984000000000 
 19009 10984000000000 
 19013 10984000000000 
 19017 10984000000000 
 19021 10984000000000 
 19025 10984000000000 
 19029 10984000000000 
 19033 10984000000000 
 19037 10984000000000 
 19041 10984000000000 
 19045 10984000000000 
 19049 10984000000000 
 19053 10984000000000 
 19057 10984000000000 
 19061 10984000000000 
 19065 10984000000000 
 19069 10984000000000 
 19073 10984000000000 
 19077 10984000000000 
 19081 10984000000000 
 19085 10984000000000 
 19089 10984000000000 
 19093 10984000000000 
 19097 10984000000000 
 19101 10984000000000 
 19105 10984000000000 
 19109 10984000000000 
 19113 10984000000000 
 19117 10984000000000 
 19121 10984000000000 
 19125 10984000000000 
 19129 10984000000000 
 19133 10984000000000 
 19137 10984000000000 
 19141 10984000000000 
 19145 10984000000000 
 19149 10984000000000 
 19153 10984000000000 
 19157 10984000000000 
 19161 10984000000000 
 19165 10984000000000 
 19169 10984000000000 
 19173 10984000000000 
 19177 10984000000000 
 19181 10984000000000 
 19185 10984000000000 
 19189 10984000000000 
 19193 10984000000000 
 19197 10984000000000 
 19201 10984000000000 
 19205 10984000000000 
 19209 10984000000000 
 19213 10984000000000 
 19217 10984000000000 
 19221 10984000000000 
 19225 10984000000000 
 19229 10984000000000 
 19233 10984000000000 
 19237 10984000000000 
 19241 10984000000000 
 19245 10984000000000 
 19249 10984000000000 
 19253 10984000000000 
 19257 10984000000000 
 19261 10984000000000 
 19265 10984000000000 
 19269 10984000000000 
 19273 10984000000000 
 19277 10984000000000 
 19281 10984000000000 
 19285 10984000000000 
 19289 10984000000000 
 19293 10984000000000 
 19297 10984000000000 
 19301 10984000000000 
 19305 10984000000000 
 19309 10984000000000 
 19313 10984000000000 
 19317 10984000000000 
 19321 10984000000000 
 19325 10984000000000 
 19329 10984000000000 
 19333 10984000000000 
 19337 10984000000000 
 19341 10984000000000 
 19345 10984000000000 
 19349 10984000000000 
 19353 10984000000000 
 19357 10984000000000 
 19361 10984000000000 
 19365 10984000000000 
 19369 10984000000000 
 19373 10984000000000 
 19377 10984000000000 
 19381 10984000000000 
 19385 10984000000000 
 19389 10984000000000 
 19393 10984000000000 
 19397 10984000000000 
 19401 10984000000000 
 19405 10984000000000 
 19409 10984000000000 
 19413 10984000000000 
 19417 10984000000000 
 19421 10984000000000 
 19425 10984000000000 
 19429 10984000000000 
 19433 10984000000000 
 19437 10984000000000 
 19441 10984000000000 
 19445 10984000000000 
 19449 10984000000000 
 19453 10984000000000 
 19457 10984000000000 
 19461 10984000000000 
 19465 10984000000000 
 19469 10984000000000 
 19473 10984000000000 
 19477 10984000000000 
 19481 10984000000000 
 19485 10984000000000 
 19489 10984000000000 
 19493 10984000000000 
 19497 10984000000000 
 19501 10984000000000 
 19505 10984000000000 
 19509 10984000000000 
 19513 10984000000000 
 19517 10984000000000 
 19521 10984000000000 
 19525 10984000000000 
 19529 10984000000000 
 19533 10984000000000 
 19537 10984000000000 
 19541 10984000000000 
 19545 10984000000000 
 19549 10984000000000 
 19553 10984000000000 
 19557 10984000000000 
 19561 10984000000000 
 19565 10984000000000 
 19569 10984000000000 
 19573 10984000000000 
 19577 10984000000000 
 19581 10984000000000 
 19585 10984000000000 
 19589 10984000000000 
 19593 10984000000000 
 19597 10984000000000 
 19601 10984000000000 
 19605 10984000000000 
 19609 10984000000000 
 19613 10984000000000 
 19617 10984000000000 
 19621 10984000000000 
 19625 10984000000000 
 19629 10984000000000 
 19633 10984000000000 
 19637 10984000000000 
 19641 10984000000000 
 19645 10984000000000 
 19649 10984000000000 
 19653 10984000000000 
 19657 10984000000000 
 19661 10984000000000 
 19665 10984000000000 
 19669 10984000000000 
 19673 10984000000000 
 19677 10984000000000 
 19681 10984000000000 
 19685 10984000000000 
 19689 10984000000000 
 19693 10984000000000 
 19697 10984000000000 
 19701 10984000000000 
 19705 10984000000000 
 19709 10984000000000 
 19713 10984000000000 
 19717 10984000000000 
 19721 10984000000000 
 19725 10984000000000 
 19729 10984000000000 
 19733 10984000000000 
 19737 10984000000000 
 19741 10984000000000 
 19745 10984000000000 
 19749 10984000000000 
 19753 10984000000000 
 19757 10984000000000 
 19761 10984000000000 
 19765 10984000000000 
 19769 10984000000000 
 19773 10984000000000 
 19777 10984000000000 
 19781 10984000000000 
 19785 10984000000000 
 19789 10984000000000 
 19793 10984000000000 
 19797 10984000000000 
 19801 10984000000000 
 19805 10984000000000 
 19809 10984000000000 
 19813 10984000000000 
 19817 10984000000000 
 19821 10984000000000 
 19825 10984000000000 
 19829 10984000000000 
 19833 10984000000000 
 19837 10984000000000 
 19841 10984000000000 
 19845 10984000000000 
 19849 10984000000000 
 19853 10984000000000 
 19857 10984000000000 
 19861 10984000000000 
 19865 10984000000000 
 19869 10984000000000 
 19873 10984000000000 
 19877 10984000000000 
 19881 10984000000000 
 19885 10984000000000 
 19889 10984000000000 
 19893 10984000000000 
 19897 10984000000000 
 19901 10984000000000 
 19905 10984000000000 
 19909 10984000000000 
 19913 10984000000000 
 19917 10984000000000 
 19921 10984000000000 
 19925 10984000000000 
 19929 10984000000000 
 19933 10984000000000 
 19937 10984000000000 
 19941 10984000000000 
 19945 10984000000000 
 19949 10984000000000 
 19953 10984000000000 
 19957 10984000000000 
 19961 10984000000000 
 19965 10984000000000 
 19969 10984000000000 
 19973 10984000000000 
 19977 10984000000000 
 19981 10984000000000 
 19985 10984000000000 
 19989 10984000000000 
 19993 10984000000000 
 19997 10984000000000 
