  8009 167804330000000 
  8017 243011180000000 
  8025 659133470000000 
  8033 809047370000000 
  8041 1644650900000000 
  8049 1578863400000000 
  8057 1365506200000000 
  8065 1959346300000000 
  8073 2102462100000000 
  8081 2680247900000000 
  8089 2263356500000000 
  8097 3507117500000000 
  8105 3567237400000000 
  8113 3749063600000000 
  8121 4110707400000000 
  8129 3853925300000000 
  8137 2703862800000000 
  8145 2000158500000000 
  8153 775684640000000 
  8161 1260959300000000 
  8169 843906930000000 
  8177 1208704300000000 
  8185 590370410000000 
  8193 625810280000000 
  8201 545582660000000 
  8209 663528870000000 
  8217 1013092000000000 
  8225 1387901400000000 
  8233 3371795100000000 
  8241 4526543400000000 
  8249 8560735400000000 
  8257 8539232100000000 
  8265 7811399800000000 
  8273 5027781600000000 
  8281 2355981100000000 
  8289 504369060000000 
  8297 538294870000000 
  8305 553895670000000 
  8313 2014137000000000 
  8321 3607694900000000 
  8329 3766660500000000 
  8337 3434134300000000 
  8345 4661347800000000 
  8353 4156230300000000 
  8361 1589093100000000 
  8369 465127090000000 
  8377 478993820000000 
  8385 1515346900000000 
  8393 2476665300000000 
  8401 3128781200000000 
  8409 3124936300000000 
  8417 2856486900000000 
  8425 5068394900000000 
  8433 6261272000000000 
  8441 6229904900000000 
  8449 4018648100000000 
  8457 1485655500000000 
  8465 1041635400000000 
  8473 676184560000000 
  8481 748068790000000 
  8489 679478290000000 
  8497 686370850000000 
  8505 1050662300000000 
  8513 1198963800000000 
  8521 2062471700000000 
  8529 1076498000000000 
  8537 1118332600000000 
  8545 1679254300000000 
  8553 1462141600000000 
  8561 771428680000000 
  8569 2187246100000000 
  8577 4007549600000000 
  8585 6842686100000000 
  8593 5916971000000000 
  8601 5726843200000000 
  8609 6995210900000000 
  8617 4787309900000000 
  8625 4454911500000000 
  8633 2519237000000000 
  8641 1310184700000000 
  8649 828692870000000 
  8657 1484818800000000 
  8665 769190970000000 
  8673 2073364600000000 
  8681 2943745500000000 
  8689 3880076200000000 
  8697 5356310300000000 
  8705 5979894200000000 
  8713 5720534300000000 
  8721 4794608900000000 
  8729 3353256100000000 
  8737 2408387500000000 
  8745 1864469900000000 
  8753 716536790000000 
  8761 858880770000000 
  8769 1781666100000000 
  8777 3293121400000000 
  8785 3087402000000000 
  8793 4220004200000000 
  8801 2137358500000000 
  8809 750106770000000 
  8817 498528050000000 
  8825 488302460000000 
  8833 1116232300000000 
  8841 2304792500000000 
  8849 1940579100000000 
  8857 2638837600000000 
  8865 6250291100000000 
  8873 5966632500000000 
  8881 6806688000000000 
  8889 6573719600000000 
  8897 6140808200000000 
  8905 3894292300000000 
  8913 1725477700000000 
  8921 2275879500000000 
  8929 1761798300000000 
  8937 665267920000000 
  8945 1719902400000000 
  8953 2135523900000000 
  8961 2448030500000000 
  8969 1803537100000000 
  8977 2114156300000000 
  8985 2452205400000000 
  8993 2663396800000000 
  9001 2407009800000000 
  9009 1269473200000000 
  9017 1506389600000000 
  9025 2388423400000000 
  9033 2494695900000000 
  9041 3210953200000000 
  9049 4234838600000000 
  9057 5797340800000000 
  9065 7962310200000000 
  9073 5897220100000000 
  9081 3783889400000000 
  9089 1097923800000000 
  9097 896354200000000 
  9105 460651390000000 
  9113 498626060000000 
  9121 519503970000000 
  9129 669829580000000 
  9137 1229513000000000 
  9145 2658457600000000 
  9153 3678574000000000 
  9161 3911963600000000 
  9169 5192083700000000 
  9177 4547675700000000 
  9185 4333067900000000 
  9193 5382650400000000 
  9201 6749798700000000 
  9209 4856037800000000 
  9217 4978997100000000 
  9225 3358457100000000 
  9233 2747958000000000 
  9241 2737043300000000 
  9249 2699063500000000 
  9257 2980374600000000 
  9265 3062438600000000 
  9273 3459809000000000 
  9281 1643690600000000 
  9289 1716141000000000 
  9297 1817982300000000 
  9305 1415231500000000 
  9313 1133202000000000 
  9321 1097992100000000 
  9329 1987124500000000 
  9337 2223635600000000 
  9345 2314109400000000 
  9353 3014013500000000 
  9361 3283379000000000 
  9369 3345083300000000 
  9377 2990003900000000 
  9385 3042358800000000 
  9393 3842619100000000 
  9401 2544061400000000 
  9409 3011543400000000 
  9417 3473453900000000 
  9425 3691469600000000 
  9433 2950452700000000 
  9441 3018435700000000 
  9449 3641266100000000 
  9457 3873322600000000 
  9465 3852761700000000 
  9473 4327549200000000 
  9481 3819667900000000 
  9489 3000284200000000 
  9497 3411387400000000 
  9505 4335990000000000 
  9513 4900657600000000 
  9521 5372133900000000 
  9529 5633192600000000 
  9537 3882213600000000 
  9545 3331141100000000 
  9553 1431072100000000 
  9561 2715244300000000 
  9569 3153258400000000 
  9577 2739298700000000 
  9585 2626150800000000 
  9593 1242047800000000 
  9601 1154312700000000 
  9609 2590945500000000 
  9617 3410155500000000 
  9625 3924812800000000 
  9633 3376565800000000 
  9641 4345046100000000 
  9649 5531943800000000 
  9657 6363016100000000 
  9665 3810097800000000 
  9673 3531553700000000 
  9681 2866237000000000 
  9689 3346791500000000 
  9697 3276283100000000 
  9705 827309550000000 
  9713 1059586600000000 
  9721 1047327800000000 
  9729 2098664300000000 
  9737 2556729800000000 
  9745 4084068500000000 
  9753 4190545800000000 
  9761 3869598000000000 
  9769 3042036700000000 
  9777 2120251600000000 
  9785 2559145200000000 
  9793 709606840000000 
  9801 1211323500000000 
  9809 2246920200000000 
  9817 4749814700000000 
  9825 5923696800000000 
  9833 4941485200000000 
  9841 4394946100000000 
  9849 3922200700000000 
  9857 3710957700000000 
  9865 3179277200000000 
  9873 3914804900000000 
  9881 2640199100000000 
  9889 3751225400000000 
  9897 2971601000000000 
  9905 2312205900000000 
  9913 2690255900000000 
  9921 4528667800000000 
  9929 4066185100000000 
  9937 1355415100000000 
  9945 1660409000000000 
  9953 2837000000000000 
  9961 2768121800000000 
  9969 2971865500000000 
  9977 4456550900000000 
  9985 4026315900000000 
  9993 4692521700000000 
 10001 5753132900000000 
 10009 5995659800000000 
 10017 4812051400000000 
 10025 931017340000000 
 10033 569713990000000 
 10041 1487548300000000 
 10049 2292516400000000 
 10057 2575413100000000 
 10065 815855110000000 
 10073 1644929300000000 
 10081 2488660700000000 
 10089 2737420600000000 
 10097 1244443500000000 
 10105 1204072400000000 
 10113 1941163500000000 
 10121 2146112300000000 
 10129 2972380000000000 
 10137 3407561600000000 
 10145 1606276100000000 
 10153 2397458100000000 
 10161 1895240000000000 
 10169 1384353300000000 
 10177 1514907600000000 
 10185 3663298300000000 
 10193 4489857300000000 
 10201 5503787600000000 
 10209 1348309800000000 
 10217 233570380000000 
 10225 241613130000000 
 10233 486616510000000 
 10241 1598738300000000 
 10249 1670553900000000 
 10257 1815365500000000 
 10265 2067673500000000 
 10273 3588795400000000 
 10281 3870102300000000 
 10289 3234583800000000 
 10297 2181606400000000 
 10305 989220750000000 
 10313 2164477800000000 
 10321 1039841000000000 
 10329 1227279300000000 
 10337 1392974100000000 
 10345 1250510700000000 
 10353 1796316300000000 
 10361 1763370600000000 
 10369 1442644800000000 
 10377 1135950800000000 
 10385 1334119500000000 
 10393 711205950000000 
 10401 643516360000000 
 10409 814423820000000 
 10417 1230434600000000 
 10425 2480812200000000 
 10433 3696944200000000 
 10441 5112147300000000 
 10449 5680351100000000 
 10457 6400792800000000 
 10465 7914474800000000 
 10473 6974715200000000 
 10481 6711861600000000 
 10489 5175159800000000 
 10497 5070995700000000 
 10505 4502859200000000 
 10513 4171557200000000 
 10521 4584845300000000 
 10529 3753707400000000 
 10537 4496912100000000 
 10545 4591838000000000 
 10553 4336402800000000 
 10561 2995673200000000 
 10569 3362227100000000 
 10577 2490892500000000 
 10585 3168354400000000 
 10593 2001411800000000 
 10601 1921597400000000 
 10609 2291768700000000 
 10617 3385538400000000 
 10625 3879675600000000 
 10633 4458349300000000 
 10641 5710338300000000 
 10649 5961909100000000 
 10657 5698591800000000 
 10665 4208408900000000 
 10673 3116042100000000 
 10681 3836961700000000 
 10689 4090524100000000 
 10697 2688160200000000 
 10705 3742817800000000 
 10713 4179508100000000 
 10721 4209844600000000 
 10729 3427246800000000 
 10737 4143949100000000 
 10745 3036766100000000 
 10753 3476529800000000 
 10761 2450259300000000 
 10769 2506626400000000 
 10777 2627646900000000 
 10785 3367178100000000 
 10793 4779179000000000 
 10801 5284690600000000 
 10809 5881263400000000 
 10817 2141985500000000 
 10825 2333637900000000 
 10833 1989796900000000 
 10841 708616590000000 
 10849 2066743600000000 
 10857 1951789900000000 
 10865 2616287600000000 
 10873 3703219800000000 
 10881 3289455600000000 
 10889 2272569500000000 
 10897 2744519200000000 
 10905 2679561200000000 
 10913 2413822600000000 
 10921 2586527000000000 
 10929 4248732100000000 
 10937 5348486400000000 
 10945 6750739100000000 
 10953 7968606500000000 
 10961 6468865800000000 
 10969 5998693900000000 
 10977 5509741900000000 
 10985 2532897500000000 
 10993 2039966800000000 
 11001 1667180200000000 
 11009 2162972400000000 
 11017 830897570000000 
 11025 3376082900000000 
 11033 3902036200000000 
 11041 1711031000000000 
 11049 1457048600000000 
 11057 1181953000000000 
 11065 878194810000000 
 11073 1650724800000000 
 11081 2730267800000000 
 11089 3830590400000000 
 11097 5097124900000000 
 11105 4983969100000000 
 11113 5323930700000000 
 11121 5135744300000000 
 11129 3631064300000000 
 11137 2522410800000000 
 11145 1925853100000000 
 11153 3098362300000000 
 11161 2030659200000000 
 11169 2258119300000000 
 11177 2078493400000000 
 11185 2078570500000000 
 11193 3295922400000000 
 11201 2212282300000000 
 11209 2902282200000000 
 11217 1855603600000000 
 11225 2879255300000000 
 11233 3705383600000000 
 11241 4347539200000000 
 11249 4895183900000000 
 11257 4848754600000000 
 11265 5092790400000000 
 11273 5160037700000000 
 11281 4908843300000000 
 11289 4567227400000000 
 11297 5528462200000000 
 11305 5822596900000000 
 11313 4092624300000000 
 11321 2133538300000000 
 11329 2105346600000000 
 11337 2310921300000000 
 11345 777770120000000 
 11353 648968480000000 
 11361 668534500000000 
 11369 832366530000000 
 11377 1074908900000000 
 11385 2744856700000000 
 11393 4173419000000000 
 11401 4987568100000000 
 11409 6221417900000000 
 11417 6534842500000000 
 11425 6743358700000000 
 11433 4354740600000000 
 11441 3882939300000000 
 11449 3563264600000000 
 11457 3662631500000000 
 11465 3528122600000000 
 11473 4757847400000000 
 11481 5134933600000000 
 11489 5090849300000000 
 11497 5515642900000000 
 11505 5623308800000000 
 11513 4092111700000000 
 11521 3659110300000000 
 11529 4301281400000000 
 11537 3713033500000000 
 11545 3816572000000000 
 11553 3608705900000000 
 11561 4406742700000000 
 11569 4415995800000000 
 11577 4223573700000000 
 11585 5106835800000000 
 11593 7196184900000000 
 11601 7837860200000000 
 11609 7338971500000000 
 11617 6302366400000000 
 11625 4273821300000000 
 11633 3124150900000000 
 11641 727432520000000 
 11649 993028170000000 
 11657 2296162800000000 
 11665 934339080000000 
 11673 1477774700000000 
 11681 1954002600000000 
 11689 1460031200000000 
 11697 1548455200000000 
 11705 826525900000000 
 11713 2145681900000000 
 11721 505299400000000 
 11729 1055166500000000 
 11737 1994665500000000 
 11745 2018395700000000 
 11753 2853881400000000 
 11761 5023374400000000 
 11769 6778992400000000 
 11777 6647489000000000 
 11785 6898330500000000 
 11793 4458714500000000 
 11801 2578668800000000 
 11809 581541800000000 
 11817 739654000000000 
 11825 1021173400000000 
 11833 1362232100000000 
 11841 1912546100000000 
 11849 2468036900000000 
 11857 3654532700000000 
 11865 4513483300000000 
 11873 4585529300000000 
 11881 2221068700000000 
 11889 2511393500000000 
 11897 2848094100000000 
 11905 2095552100000000 
 11913 3455746000000000 
 11921 9102516400000000 
 11929 11167561000000000 
 11937 10482020000000000 
 11945 10069311000000000 
 11953 8508310600000000 
 11961 6760410700000000 
 11969 5548762900000000 
 11977 4878252600000000 
 11985 4661454800000000 
 11993 5339675100000000 
 12001 6103118300000000 
 12009 4372013600000000 
 12017 1426033300000000 
 12025 1010574100000000 
 12033 2135929200000000 
 12041 4962271600000000 
 12049 5522628100000000 
 12057 6942590700000000 
 12065 7822922000000000 
 12073 7955006300000000 
 12081 5283156900000000 
 12089 3186683200000000 
 12097 4163832900000000 
 12105 5185396400000000 
 12113 6584909000000000 
 12121 7798971500000000 
 12129 6760568100000000 
 12137 4620309900000000 
 12145 3286201600000000 
 12153 1062619200000000 
 12161 254982090000000 
 12169 178773750000000 
 12177 160386210000000 
 12185 264331980000000 
 12193 1598930000000000 
 12201 2448831700000000 
 12209 4332499500000000 
 12217 2845577800000000 
 12225 3390365600000000 
 12233 3147145200000000 
 12241 2131468400000000 
 12249 2397020200000000 
 12257 2467012800000000 
 12265 2437068300000000 
 12273 1287229900000000 
 12281 497699910000000 
 12289 834084210000000 
 12297 991345870000000 
 12305 2234458200000000 
 12313 2258147700000000 
 12321 2227347900000000 
 12329 1259384900000000 
 12337 1782272900000000 
 12345 1893309900000000 
 12353 1377763600000000 
 12361 611249520000000 
 12369 1945892600000000 
 12377 1965592700000000 
 12385 1058810400000000 
 12393 1718090200000000 
 12401 1775142100000000 
 12409 2047195200000000 
 12417 2218462000000000 
 12425 2348308800000000 
 12433 2683282000000000 
 12441 2496785000000000 
 12449 1248231600000000 
 12457 1379577400000000 
 12465 896068030000000 
 12473 850788750000000 
 12481 550178900000000 
 12489 592680480000000 
 12497 931292860000000 
 12505 1200270700000000 
 12513 2696249100000000 
 12521 2375723500000000 
 12529 1922122100000000 
 12537 1406651900000000 
 12545 1524253500000000 
 12553 880769780000000 
 12561 1080229300000000 
 12569 2359966000000000 
 12577 3982571700000000 
 12585 3973960900000000 
 12593 4161145400000000 
 12601 4025876100000000 
 12609 4165479200000000 
 12617 1578747300000000 
 12625 357876690000000 
 12633 306414780000000 
 12641 331261290000000 
 12649 2145999400000000 
 12657 2201704500000000 
 12665 2454311500000000 
 12673 3137922900000000 
 12681 1158333900000000 
 12689 2061593700000000 
 12697 3032525000000000 
 12705 3020858800000000 
 12713 2336469600000000 
 12721 2711199000000000 
 12729 2109338000000000 
 12737 2724457300000000 
 12745 3255412100000000 
 12753 861359460000000 
 12761 454133190000000 
 12769 600080780000000 
 12777 1421736500000000 
 12785 729128410000000 
 12793 663508530000000 
 12801 555259260000000 
 12809 699045670000000 
 12817 1837636700000000 
 12825 2463374700000000 
 12833 2797029300000000 
 12841 2336933600000000 
 12849 2311522500000000 
 12857 2038481900000000 
 12865 1817035300000000 
 12873 1992498300000000 
 12881 4478308600000000 
 12889 4938811700000000 
 12897 4728237800000000 
 12905 4930660600000000 
 12913 2393359200000000 
 12921 1154737900000000 
 12929 946242790000000 
 12937 1036677900000000 
 12945 1358091100000000 
 12953 700919510000000 
 12961 659697760000000 
 12969 755362280000000 
 12977 1195803700000000 
 12985 1380962900000000 
 12993 2229646000000000 
 13001 1897895300000000 
 13009 2866388400000000 
 13017 1996532400000000 
 13025 2106435300000000 
 13033 2150862100000000 
 13041 1944593000000000 
 13049 908824060000000 
 13057 2014212700000000 
 13065 3192415800000000 
 13073 2588704300000000 
 13081 2188820900000000 
 13089 640390690000000 
 13097 585659220000000 
 13105 628788770000000 
 13113 703111570000000 
 13121 995138440000000 
 13129 1551749500000000 
 13137 2184515800000000 
 13145 2507075200000000 
 13153 3085307200000000 
 13161 3093847600000000 
 13169 3408999200000000 
 13177 3208174800000000 
 13185 2793426800000000 
 13193 3624518000000000 
 13201 2188019600000000 
 13209 1667226500000000 
 13217 577763370000000 
 13225 485982630000000 
 13233 542638850000000 
 13241 482071030000000 
 13249 720008190000000 
 13257 1147223000000000 
 13265 900021490000000 
 13273 1263645600000000 
 13281 1476811400000000 
 13289 1286715900000000 
 13297 435206650000000 
 13305 335698650000000 
 13313 407512810000000 
 13321 999168320000000 
 13329 1088432100000000 
 13337 2343489100000000 
 13345 3938814200000000 
 13353 4515526400000000 
 13361 4224209100000000 
 13369 1780627100000000 
 13377 419070620000000 
 13385 218280000000000 
 13393 410540680000000 
 13401 1511140200000000 
 13409 1718417900000000 
 13417 2156070400000000 
 13425 2049833400000000 
 13433 2158103600000000 
 13441 3326816300000000 
 13449 754602190000000 
 13457 721871200000000 
 13465 1299898400000000 
 13473 595404560000000 
 13481 1406289700000000 
 13489 1595056100000000 
 13497 1656527100000000 
 13505 1813688900000000 
 13513 3544770200000000 
 13521 3914058000000000 
 13529 3948984400000000 
 13537 3835452400000000 
 13545 3922888200000000 
 13553 3524374500000000 
 13561 1828787200000000 
 13569 2470522900000000 
 13577 1796287300000000 
 13585 388279340000000 
 13593 1115112100000000 
 13601 1340928000000000 
 13609 683386270000000 
 13617 1485080800000000 
 13625 679042400000000 
 13633 1211665600000000 
 13641 1407785300000000 
 13649 1994036000000000 
 13657 1134813000000000 
 13665 1565522600000000 
 13673 1487009200000000 
 13681 1380081600000000 
 13689 841440260000000 
 13697 2083542300000000 
 13705 4301219300000000 
 13713 4794039200000000 
 13721 3576047600000000 
 13729 2806292600000000 
 13737 1817466300000000 
 13745 1312697600000000 
 13753 1478495300000000 
 13761 1661933400000000 
 13769 1722577100000000 
 13777 2263886600000000 
 13785 2636356500000000 
 13793 3786546700000000 
 13801 4870718200000000 
 13809 5558122000000000 
 13817 5047421000000000 
 13825 1844392200000000 
 13833 1468792500000000 
 13841 1240419300000000 
 13849 1227504300000000 
 13857 788566290000000 
 13865 1322432900000000 
 13873 2056571900000000 
 13881 2228521000000000 
 13889 3152415700000000 
 13897 2306793500000000 
 13905 2065103100000000 
 13913 501331980000000 
 13921 1475413500000000 
 13929 1506992900000000 
 13937 1747317700000000 
 13945 1657429000000000 
 13953 2420211200000000 
 13961 3645148400000000 
 13969 3722118400000000 
 13977 2321399100000000 
 13985 3408679600000000 
 13993 2072185700000000 
 14001 3493323600000000 
 14009 1254782500000000 
 14017 924944270000000 
 14025 1597996700000000 
 14033 1958028800000000 
 14041 1778560400000000 
 14049 1948208200000000 
 14057 1299759000000000 
 14065 1056388800000000 
 14073 1243067800000000 
 14081 1912107900000000 
 14089 2690230000000000 
 14097 3205017800000000 
 14105 2990776800000000 
 14113 3791043000000000 
 14121 3074003300000000 
 14129 3792591500000000 
 14137 3156313400000000 
 14145 2897023000000000 
 14153 4026766000000000 
 14161 5630467200000000 
 14169 8927384600000000 
 14177 8269563700000000 
 14185 7124448600000000 
 14193 2908725500000000 
 14201 3071815800000000 
 14209 2449709800000000 
 14217 3090312200000000 
 14225 3389226800000000 
 14233 4531986900000000 
 14241 3367900100000000 
 14249 3341439800000000 
 14257 3270583700000000 
 14265 1764040000000000 
 14273 1438464200000000 
 14281 1223865200000000 
 14289 2594632900000000 
 14297 3522952600000000 
 14305 4073195100000000 
 14313 5276823800000000 
 14321 8180862800000000 
 14329 7629852600000000 
 14337 6392551500000000 
 14345 4708388400000000 
 14353 3758071500000000 
 14361 3555282500000000 
 14369 2267789500000000 
 14377 1709237500000000 
 14385 3797737700000000 
 14393 4555421500000000 
 14401 4078225000000000 
 14409 2374629500000000 
 14417 2532584900000000 
 14425 3258202900000000 
 14433 3919905000000000 
 14441 3462383100000000 
 14449 4972448500000000 
 14457 5859846200000000 
 14465 8108586900000000 
 14473 7965405200000000 
 14481 8526698000000000 
 14489 7471989300000000 
 14497 6782311400000000 
 14505 5874479900000000 
 14513 1615746700000000 
 14521 2736672000000000 
 14529 3270800700000000 
 14537 2426947500000000 
 14545 3129869800000000 
 14553 3026768500000000 
 14561 3842141400000000 
 14569 1120888900000000 
 14577 1132003600000000 
 14585 2601081400000000 
 14593 2965516000000000 
 14601 3084088500000000 
 14609 4279150300000000 
 14617 4326160600000000 
 14625 5921244300000000 
 14633 5450210900000000 
 14641 4563332800000000 
 14649 5217670600000000 
 14657 4802439200000000 
 14665 5348604600000000 
 14673 6546116500000000 
 14681 5870915900000000 
 14689 5030556700000000 
 14697 3154108500000000 
 14705 1025875900000000 
 14713 946379710000000 
 14721 854066160000000 
 14729 2039542800000000 
 14737 2800048700000000 
 14745 3198817600000000 
 14753 2744499300000000 
 14761 4599589500000000 
 14769 6553921800000000 
 14777 7994213700000000 
 14785 1754773800000000 
 14793 1608716600000000 
 14801 1205846700000000 
 14809 1958112000000000 
 14817 2492427300000000 
 14825 2563487500000000 
 14833 3163855700000000 
 14841 2962837000000000 
 14849 3505945900000000 
 14857 3350336400000000 
 14865 2222878500000000 
 14873 967811120000000 
 14881 572959850000000 
 14889 599772000000000 
 14897 833796890000000 
 14905 3057946300000000 
 14913 3709633400000000 
 14921 4204844000000000 
 14929 5158696200000000 
 14937 5221684900000000 
 14945 4948136800000000 
 14953 5212832400000000 
 14961 5954773200000000 
 14969 5136557600000000 
 14977 4232041000000000 
 14985 3959768800000000 
 14993 5852858100000000 
 15001 5669143000000000 
 15009 5660409700000000 
 15017 5899347300000000 
 15025 3339310100000000 
 15033 1957516300000000 
 15041 1678012200000000 
 15049 1716435400000000 
 15057 2078298600000000 
 15065 1923656900000000 
 15073 2241933300000000 
 15081 2080040600000000 
 15089 1942766400000000 
 15097 3636865600000000 
 15105 3343075400000000 
 15113 2483143500000000 
 15121 4690597900000000 
 15129 5253893400000000 
 15137 5617301000000000 
 15145 5439824000000000 
 15153 4059499200000000 
 15161 3722011000000000 
 15169 1115485700000000 
 15177 764321610000000 
 15185 1569950900000000 
 15193 1596853400000000 
 15201 2885933100000000 
 15209 2280750100000000 
 15217 3089627300000000 
 15225 3515349400000000 
 15233 2727936600000000 
 15241 2577247600000000 
 15249 2053732600000000 
 15257 1445730900000000 
 15265 1000805500000000 
 15273 2312125400000000 
 15281 2781595800000000 
 15289 4057102900000000 
 15297 4684322900000000 
 15305 3983983200000000 
 15313 3409713800000000 
 15321 3605378800000000 
 15329 3399996600000000 
 15337 1818274400000000 
 15345 908813940000000 
 15353 843815170000000 
 15361 1457916400000000 
 15369 2514343400000000 
 15377 4325651900000000 
 15385 4313819100000000 
 15393 4772029200000000 
 15401 2570973900000000 
 15409 946149860000000 
 15417 1400343900000000 
 15425 1225180900000000 
 15433 3313971800000000 
 15441 1973632600000000 
 15449 3068256900000000 
 15457 3166937900000000 
 15465 2658265900000000 
 15473 2798314200000000 
 15481 3007574500000000 
 15489 3562855500000000 
 15497 3483779800000000 
 15505 1901664600000000 
 15513 2039235400000000 
 15521 2011102200000000 
 15529 1958468700000000 
 15537 1116119900000000 
 15545 545699980000000 
 15553 1228939600000000 
 15561 2109837300000000 
 15569 3177936100000000 
 15577 2790091400000000 
 15585 3538074200000000 
 15593 4521636700000000 
 15601 4082074800000000 
 15609 3901277000000000 
 15617 1791353400000000 
 15625 2672735700000000 
 15633 2962477800000000 
 15641 2109251200000000 
 15649 1912164700000000 
 15657 2054550600000000 
 15665 2883266100000000 
 15673 3846895900000000 
 15681 1223605200000000 
 15689 945592050000000 
 15697 999080470000000 
 15705 1075433500000000 
 15713 1046080700000000 
 15721 976870890000000 
 15729 940081140000000 
 15737 2072125900000000 
 15745 977453370000000 
 15753 2099731200000000 
 15761 1957692900000000 
 15769 883527300000000 
 15777 1316570100000000 
 15785 2072699600000000 
 15793 2710424600000000 
 15801 2885602400000000 
 15809 3351847600000000 
 15817 2135771600000000 
 15825 1430142700000000 
 15833 476301480000000 
 15841 443513530000000 
 15849 426507160000000 
 15857 494599620000000 
 15865 1907827400000000 
 15873 2692773300000000 
 15881 2916298900000000 
 15889 3634668300000000 
 15897 3676090000000000 
 15905 4029437800000000 
 15913 1302250100000000 
 15921 929391140000000 
 15929 744808150000000 
 15937 1242002200000000 
 15945 779858290000000 
 15953 2151452900000000 
 15961 2658638000000000 
 15969 2128525200000000 
 15977 3682301800000000 
 15985 3445795400000000 
 15993 1854661100000000 
 16001 568893390000000 
 16009 766601090000000 
 16017 2019847200000000 
 16025 2832450500000000 
 16033 4935241400000000 
 16041 4962479100000000 
 16049 8107497000000000 
 16057 9359994000000000 
 16065 10955101000000000 
 16073 8883407900000000 
 16081 7085271500000000 
 16089 5207249000000000 
 16097 3454133500000000 
 16105 4400613000000000 
 16113 3745506000000000 
 16121 3761468100000000 
 16129 4006260700000000 
 16137 6136977200000000 
 16145 4249770200000000 
 16153 3765513900000000 
 16161 4230780400000000 
 16169 4300814900000000 
 16177 2258933400000000 
 16185 1898938800000000 
 16193 2525750700000000 
 16201 2456537000000000 
 16209 2977456800000000 
 16217 4901675500000000 
 16225 7371573500000000 
 16233 10030090000000000 
 16241 12282317000000000 
 16249 12442395000000000 
 16257 12037869000000000 
 16265 9605182200000000 
 16273 4986040000000000 
 16281 3722939300000000 
 16289 742863970000000 
 16297 633023250000000 
 16305 818755660000000 
 16313 1896814400000000 
 16321 2253589200000000 
 16329 3951453700000000 
 16337 3767657400000000 
 16345 4083352400000000 
 16353 4837901400000000 
 16361 2755615200000000 
 16369 2795557300000000 
 16377 1967327400000000 
 16385 1318513900000000 
 16393 1620531600000000 
 16401 3519330600000000 
 16409 4199202800000000 
 16417 4619172400000000 
 16425 3744000200000000 
 16433 3957207300000000 
 16441 3117360200000000 
 16449 1900982900000000 
 16457 592301750000000 
 16465 546165130000000 
 16473 1110483900000000 
 16481 2665976400000000 
 16489 1869549000000000 
 16497 3755565600000000 
 16505 4835200800000000 
 16513 5483907900000000 
 16521 8870791000000000 
 16529 11543387000000000 
 16537 7545746300000000 
 16545 6680509900000000 
 16553 3106202700000000 
 16561 1935530200000000 
 16569 1872044600000000 
 16577 2175019000000000 
 16585 2280339500000000 
 16593 2224790200000000 
 16601 3027718000000000 
 16609 2375067600000000 
 16617 2034186600000000 
 16625 2152528100000000 
 16633 2170195600000000 
 16641 1762301000000000 
 16649 1752780200000000 
 16657 1078386100000000 
 16665 3039742100000000 
 16673 3581261500000000 
 16681 6171096200000000 
 16689 7456143100000000 
 16697 7517140000000000 
 16705 7447059200000000 
 16713 6326090900000000 
 16721 4665072800000000 
 16729 905098910000000 
 16737 2200620900000000 
 16745 3730541900000000 
 16753 4164707300000000 
 16761 3245549900000000 
 16769 2572070100000000 
 16777 1907740800000000 
 16785 2999699900000000 
 16793 4308017500000000 
 16801 4349499700000000 
 16809 4029536400000000 
 16817 3916075400000000 
 16825 3218729700000000 
 16833 3449643900000000 
 16841 4319625300000000 
 16849 6815254700000000 
 16857 6576758500000000 
 16865 7643225300000000 
 16873 9863885200000000 
 16881 9394255900000000 
 16889 4624753000000000 
 16897 3145829500000000 
 16905 713758130000000 
 16913 345022010000000 
 16921 191689900000000 
 16929 312231560000000 
 16937 550202390000000 
 16945 871988020000000 
 16953 1272103400000000 
 16961 2415690400000000 
 16969 4640276800000000 
 16977 4897598500000000 
 16985 4830473100000000 
 16993 4357426200000000 
 17001 5001876800000000 
 17009 3742592100000000 
 17017 2191706400000000 
 17025 1473763000000000 
 17033 2591790400000000 
 17041 2034662300000000 
 17049 2938036600000000 
 17057 3739193100000000 
 17065 3271073000000000 
 17073 2357771500000000 
 17081 1885499400000000 
 17089 963949240000000 
 17097 1244319400000000 
 17105 2452097700000000 
 17113 3094462700000000 
 17121 5468881300000000 
 17129 6534526000000000 
 17137 5950064600000000 
 17145 5761866700000000 
 17153 9439972300000000 
 17161 10096848000000000 
 17169 9477338900000000 
 17177 9749744200000000 
 17185 9127291300000000 
 17193 8022453700000000 
 17201 4503000800000000 
 17209 3015223300000000 
 17217 3630802700000000 
 17225 3745684700000000 
 17233 3268364600000000 
 17241 3129180800000000 
 17249 2393398300000000 
 17257 3117355700000000 
 17265 3073692300000000 
 17273 2852999000000000 
 17281 3823571700000000 
 17289 3856419300000000 
 17297 5242816100000000 
 17305 5774036900000000 
 17313 6462833700000000 
 17321 6379223300000000 
 17329 7560592700000000 
 17337 6513329500000000 
 17345 5097935300000000 
 17353 4630718400000000 
 17361 4618423500000000 
 17369 1368835300000000 
 17377 2213447100000000 
 17385 4298175800000000 
 17393 3397182900000000 
 17401 1877002000000000 
 17409 1866604500000000 
 17417 1281068500000000 
 17425 1741401700000000 
 17433 2730576600000000 
 17441 3741328700000000 
 17449 5529674000000000 
 17457 7860971600000000 
 17465 5279277400000000 
 17473 6005481800000000 
 17481 3927070900000000 
 17489 4732319000000000 
 17497 4048927500000000 
 17505 3445943800000000 
 17513 2131164400000000 
 17521 2598412000000000 
 17529 2313388700000000 
 17537 1603964200000000 
 17545 927843810000000 
 17553 825607830000000 
 17561 2943508000000000 
 17569 2585678200000000 
 17577 3168758700000000 
 17585 3610663000000000 
 17593 2650200900000000 
 17601 3551912000000000 
 17609 3226515100000000 
 17617 3076880000000000 
 17625 3359229200000000 
 17633 3732961700000000 
 17641 3377726600000000 
 17649 4220228000000000 
 17657 3978951600000000 
 17665 4014688200000000 
 17673 2898613700000000 
 17681 2642685700000000 
 17689 3774514600000000 
 17697 3181079900000000 
 17705 3373615700000000 
 17713 1352357400000000 
 17721 2231797300000000 
 17729 3428546400000000 
 17737 3535279700000000 
 17745 3946066100000000 
 17753 3293360300000000 
 17761 2947661600000000 
 17769 3280273600000000 
 17777 1707701100000000 
 17785 1308864200000000 
 17793 2413774600000000 
 17801 2354411200000000 
 17809 3732654700000000 
 17817 4664830200000000 
 17825 4771338500000000 
 17833 4176846100000000 
 17841 1400168800000000 
 17849 2011472700000000 
 17857 2429551900000000 
 17865 2224621300000000 
 17873 1710771300000000 
 17881 1711377800000000 
 17889 1451719300000000 
 17897 1815460100000000 
 17905 3605216700000000 
 17913 3753183100000000 
 17921 7753274400000000 
 17929 8196950000000000 
 17937 9952588300000000 
 17945 11010789000000000 
 17953 4534165600000000 
 17961 6064529400000000 
 17969 6968461700000000 
 17977 5438618400000000 
 17985 5245737700000000 
 17993 5137639000000000 
 18001 4539100500000000 
 18009 4334721300000000 
 18017 4815190100000000 
 18025 3290860900000000 
 18033 1857345700000000 
 18041 599766370000000 
 18049 643303390000000 
 18057 1037151700000000 
 18065 841300060000000 
 18073 1563013000000000 
 18081 2132771400000000 
 18089 3073742100000000 
 18097 7136695800000000 
 18105 7191073200000000 
 18113 6356557100000000 
 18121 5621878400000000 
 18129 5325526900000000 
 18137 3918070800000000 
 18145 3405594200000000 
 18153 2858094600000000 
 18161 3823028400000000 
 18169 3834316400000000 
 18177 3598297600000000 
 18185 4118667400000000 
 18193 4122685400000000 
 18201 4802909100000000 
 18209 4754308200000000 
 18217 2458027800000000 
 18225 2726681400000000 
 18233 1962963200000000 
 18241 780220380000000 
 18249 2936213900000000 
 18257 4884917300000000 
 18265 5628567800000000 
 18273 8026159600000000 
 18281 9758961400000000 
 18289 9001016500000000 
 18297 5983995700000000 
 18305 2124676900000000 
 18313 1360862800000000 
 18321 1069471000000000 
 18329 970741010000000 
 18337 2707277800000000 
 18345 3239622500000000 
 18353 3855088300000000 
 18361 4072657500000000 
 18369 5086313700000000 
 18377 6928754500000000 
 18385 6829416800000000 
 18393 7119026900000000 
 18401 7814816800000000 
 18409 8532219500000000 
 18417 5341440000000000 
 18425 5783517700000000 
 18433 8014536400000000 
 18441 7322309300000000 
 18449 9571299800000000 
 18457 8083530600000000 
 18465 8266285000000000 
 18473 8126072100000000 
 18481 9080861900000000 
 18489 5410286600000000 
 18497 5783526100000000 
 18505 2047984800000000 
 18513 1812627400000000 
 18521 1838913700000000 
 18529 3813195700000000 
 18537 5019266400000000 
 18545 5791644600000000 
 18553 9059144000000000 
 18561 11221199000000000 
 18569 12954142000000000 
 18577 13931051000000000 
 18585 11691085000000000 
 18593 9643807300000000 
 18601 8818194700000000 
 18609 8488356100000000 
 18617 8499557800000000 
 18625 9350147600000000 
 18633 10580497000000000 
 18641 11412923000000000 
 18649 12098725000000000 
 18657 11267974000000000 
 18665 5991909300000000 
 18673 4470242900000000 
 18681 1141362200000000 
 18689 2305143600000000 
 18697 3566517300000000 
 18705 4232447600000000 
 18713 6669094800000000 
 18721 7409570400000000 
 18729 7405739900000000 
 18737 7586366000000000 
 18745 7582562400000000 
 18753 5085089200000000 
 18761 5314420700000000 
 18769 7051984500000000 
 18777 5226597300000000 
 18785 4299773900000000 
 18793 3889649100000000 
 18801 4591110000000000 
 18809 5511720700000000 
 18817 5025201800000000 
 18825 5432626800000000 
 18833 5612335000000000 
 18841 6864141400000000 
 18849 8078641400000000 
 18857 9668605000000000 
 18865 9767025000000000 
 18873 11902086000000000 
 18881 9201925900000000 
 18889 10362652000000000 
 18897 13307486000000000 
 18905 14302733000000000 
 18913 15445262000000000 
 18921 16908020000000000 
 18929 17799782000000000 
 18937 19277213000000000 
 18945 19781762000000000 
 18953 20224775000000000 
 18961 19774180000000000 
 18969 20282506000000000 
 18977 19943479000000000 
 18985 19777848000000000 
 18993 20772912000000000 
 19001 22202657000000000 
 19009 23543390000000000 
 19017 23543390000000000 
 19025 23543390000000000 
 19033 23543390000000000 
 19041 23543390000000000 
 19049 23543390000000000 
 19057 23543390000000000 
 19065 23543390000000000 
 19073 23543390000000000 
 19081 23543390000000000 
 19089 23543390000000000 
 19097 23543390000000000 
 19105 23543390000000000 
 19113 23543390000000000 
 19121 23543390000000000 
 19129 23543390000000000 
 19137 23543390000000000 
 19145 23543390000000000 
 19153 23543390000000000 
 19161 23543390000000000 
 19169 23543390000000000 
 19177 23543390000000000 
 19185 23543390000000000 
 19193 23543390000000000 
 19201 23543390000000000 
 19209 23543390000000000 
 19217 23543390000000000 
 19225 23543390000000000 
 19233 23543390000000000 
 19241 23543390000000000 
 19249 23543390000000000 
 19257 23543390000000000 
 19265 23543390000000000 
 19273 23543390000000000 
 19281 22792517000000000 
 19289 23543390000000000 
 19297 23543390000000000 
 19305 23543390000000000 
 19313 23543390000000000 
 19321 23543390000000000 
 19329 23543390000000000 
 19337 23543390000000000 
 19345 23543390000000000 
 19353 23543390000000000 
 19361 23543390000000000 
 19369 23543390000000000 
 19377 23543390000000000 
 19385 23543390000000000 
 19393 23543390000000000 
 19401 23543390000000000 
 19409 23543390000000000 
 19417 23543390000000000 
 19425 23543390000000000 
 19433 23543390000000000 
 19441 23543390000000000 
 19449 23543390000000000 
 19457 23543390000000000 
 19465 23543390000000000 
 19473 23543390000000000 
 19481 23543390000000000 
 19489 23543390000000000 
 19497 23543390000000000 
 19505 23543390000000000 
 19513 23543390000000000 
 19521 23543390000000000 
 19529 23543390000000000 
 19537 23543390000000000 
 19545 23543390000000000 
 19553 23543390000000000 
 19561 23543390000000000 
 19569 23543390000000000 
 19577 23543390000000000 
 19585 23543390000000000 
 19593 23543390000000000 
 19601 23543390000000000 
 19609 23543390000000000 
 19617 23543390000000000 
 19625 23543390000000000 
 19633 23543390000000000 
 19641 23543390000000000 
 19649 23543390000000000 
 19657 22739555000000000 
 19665 23543390000000000 
 19673 23543390000000000 
 19681 23543390000000000 
 19689 23543390000000000 
 19697 23543390000000000 
 19705 23543390000000000 
 19713 23543390000000000 
 19721 23543390000000000 
 19729 23543390000000000 
 19737 23543390000000000 
 19745 23543390000000000 
 19753 23543390000000000 
 19761 23543390000000000 
 19769 23543390000000000 
 19777 23543390000000000 
 19785 23543390000000000 
 19793 23543390000000000 
 19801 23543390000000000 
 19809 23543390000000000 
 19817 23543390000000000 
 19825 23543390000000000 
 19833 23543390000000000 
 19841 23543390000000000 
 19849 23543390000000000 
 19857 23543390000000000 
 19865 23543390000000000 
 19873 23543390000000000 
 19881 23543390000000000 
 19889 23543390000000000 
 19897 23543390000000000 
 19905 23543390000000000 
 19913 23543390000000000 
 19921 23543390000000000 
 19929 23543390000000000 
 19937 23543390000000000 
 19945 23543390000000000 
 19953 23543390000000000 
 19961 23543390000000000 
 19969 23543390000000000 
 19977 23543390000000000 
 19985 23543390000000000 
 19993 23543390000000000 
 16001 23543390000000000 
 16009 23543390000000000 
 16017 23543390000000000 
 16025 23543390000000000 
 16033 23543390000000000 
 16041 23543390000000000 
 16049 23543390000000000 
 16057 23543390000000000 
 16065 23543390000000000 
 16073 23543390000000000 
 16081 23543390000000000 
 16089 23543390000000000 
 16097 23543390000000000 
 16105 23543390000000000 
 16113 23543390000000000 
 16121 23543390000000000 
 16129 23543390000000000 
 16137 23543390000000000 
 16145 23543390000000000 
 16153 23543390000000000 
 16161 23543390000000000 
 16169 23543390000000000 
 16177 23543390000000000 
 16185 23543390000000000 
 16193 23543390000000000 
 16201 23543390000000000 
 16209 23543390000000000 
 16217 23543390000000000 
 16225 23543390000000000 
 16233 23543390000000000 
 16241 23543390000000000 
 16249 23543390000000000 
 16257 23543390000000000 
 16265 23543390000000000 
 16273 23543390000000000 
 16281 23543390000000000 
 16289 23543390000000000 
 16297 23543390000000000 
 16305 23543390000000000 
 16313 23543390000000000 
 16321 23543390000000000 
 16329 23543390000000000 
 16337 23543390000000000 
 16345 23543390000000000 
 16353 23543390000000000 
 16361 23543390000000000 
 16369 23543390000000000 
 16377 23543390000000000 
 16385 23543390000000000 
 16393 23543390000000000 
 16401 23543390000000000 
 16409 23543390000000000 
 16417 23543390000000000 
 16425 23543390000000000 
 16433 23543390000000000 
 16441 23543390000000000 
 16449 23543390000000000 
 16457 23543390000000000 
 16465 23543390000000000 
 16473 23543390000000000 
 16481 23543390000000000 
 16489 23543390000000000 
 16497 23543390000000000 
 16505 23543390000000000 
 16513 23543390000000000 
 16521 23543390000000000 
 16529 23543390000000000 
 16537 23543390000000000 
 16545 23543390000000000 
 16553 23543390000000000 
 16561 23543390000000000 
 16569 23543390000000000 
 16577 23543390000000000 
 16585 23543390000000000 
 16593 23543390000000000 
 16601 23543390000000000 
 16609 23543390000000000 
 16617 23543390000000000 
 16625 23543390000000000 
 16633 23543390000000000 
 16641 23543390000000000 
 16649 23543390000000000 
 16657 23543390000000000 
 16665 23543390000000000 
 16673 23543390000000000 
 16681 23543390000000000 
 16689 23543390000000000 
 16697 23543390000000000 
 16705 23543390000000000 
 16713 23543390000000000 
 16721 23543390000000000 
 16729 23543390000000000 
 16737 23543390000000000 
 16745 23543390000000000 
 16753 23543390000000000 
 16761 23543390000000000 
 16769 23543390000000000 
 16777 23543390000000000 
 16785 23543390000000000 
 16793 23543390000000000 
 16801 23543390000000000 
 16809 23543390000000000 
 16817 23543390000000000 
 16825 23543390000000000 
 16833 23543390000000000 
 16841 23543390000000000 
 16849 23543390000000000 
 16857 23543390000000000 
 16865 23543390000000000 
 16873 23543390000000000 
 16881 23543390000000000 
 16889 23543390000000000 
 16897 23543390000000000 
 16905 23543390000000000 
 16913 23543390000000000 
 16921 23543390000000000 
 16929 23543390000000000 
 16937 23543390000000000 
 16945 23543390000000000 
 16953 23543390000000000 
 16961 23543390000000000 
 16969 23543390000000000 
 16977 23543390000000000 
 16985 23543390000000000 
 16993 23543390000000000 
 17001 23543390000000000 
 17009 23543390000000000 
 17017 23543390000000000 
 17025 23543390000000000 
 17033 23543390000000000 
 17041 23543390000000000 
 17049 23543390000000000 
 17057 23543390000000000 
 17065 23543390000000000 
 17073 23543390000000000 
 17081 23543390000000000 
 17089 23543390000000000 
 17097 23543390000000000 
 17105 23543390000000000 
 17113 23543390000000000 
 17121 23543390000000000 
 17129 23543390000000000 
 17137 23543390000000000 
 17145 23543390000000000 
 17153 23543390000000000 
 17161 23543390000000000 
 17169 23543390000000000 
 17177 23543390000000000 
 17185 23543390000000000 
 17193 23543390000000000 
 17201 23543390000000000 
 20001 23543390000000000 
 20009 23543390000000000 
 20017 23543390000000000 
 20025 23543390000000000 
 20033 23543390000000000 
 20041 23543390000000000 
 20049 23543390000000000 
 20057 23543390000000000 
 20065 23543390000000000 
 20073 23543390000000000 
 20081 23543390000000000 
 20089 23543390000000000 
 20097 23543390000000000 
 20105 23543390000000000 
 20113 23543390000000000 
 20121 23543390000000000 
 20129 23543390000000000 
 20137 23543390000000000 
 20145 23543390000000000 
 20153 23543390000000000 
 20161 23543390000000000 
 20169 23543390000000000 
 20177 23543390000000000 
 20185 23543390000000000 
 20193 23543390000000000 
 20201 23543390000000000 
 20209 23543390000000000 
 20217 23543390000000000 
 20225 23543390000000000 
 20233 23543390000000000 
 20241 23543390000000000 
 20249 23543390000000000 
 20257 23543390000000000 
 20265 23543390000000000 
 20273 23543390000000000 
 20281 23543390000000000 
 20289 23543390000000000 
 20297 23543390000000000 
 20305 23543390000000000 
 20313 23543390000000000 
 20321 23543390000000000 
 20329 23543390000000000 
 20337 23543390000000000 
 20345 23543390000000000 
 20353 23543390000000000 
 20361 23543390000000000 
 20369 23543390000000000 
 20377 23543390000000000 
 20385 23543390000000000 
 20393 23543390000000000 
 20401 23543390000000000 
 20409 23543390000000000 
 20417 23543390000000000 
 20425 23543390000000000 
 20433 23543390000000000 
 20441 23543390000000000 
 20449 23543390000000000 
 20457 23543390000000000 
 20465 23543390000000000 
 20473 23543390000000000 
 20481 23543390000000000 
 20489 23543390000000000 
 20497 23543390000000000 
 20505 23543390000000000 
 20513 23543390000000000 
 20521 23543390000000000 
 20529 23543390000000000 
 20537 23543390000000000 
 20545 23543390000000000 
 20553 23543390000000000 
 20561 23543390000000000 
 20569 23543390000000000 
 20577 23543390000000000 
 20585 23543390000000000 
 20593 23543390000000000 
 20601 23543390000000000 
 20609 23543390000000000 
 20617 23543390000000000 
 20625 23543390000000000 
 20633 23543390000000000 
 20641 23543390000000000 
 20649 23543390000000000 
 20657 23543390000000000 
 20665 23543390000000000 
 20673 23543390000000000 
 20681 23543390000000000 
 20689 23543390000000000 
 20697 23543390000000000 
 20705 23543390000000000 
 20713 23543390000000000 
 20721 23543390000000000 
 20729 23543390000000000 
 20737 23543390000000000 
 20745 23543390000000000 
 20753 23543390000000000 
 20761 23543390000000000 
 20769 23543390000000000 
 20777 23543390000000000 
 20785 23543390000000000 
 20793 23543390000000000 
 20801 23543390000000000 
 20809 23543390000000000 
 20817 23543390000000000 
 20825 23543390000000000 
 20833 23543390000000000 
 20841 23543390000000000 
 20849 23543390000000000 
 20857 23543390000000000 
 20865 23543390000000000 
 20873 23543390000000000 
 20881 23543390000000000 
 20889 23543390000000000 
 20897 23543390000000000 
 20905 23543390000000000 
 20913 23543390000000000 
 20921 23543390000000000 
 20929 23543390000000000 
 20937 23543390000000000 
 20945 23543390000000000 
 20953 23543390000000000 
 20961 23543390000000000 
 20969 23543390000000000 
 20977 23543390000000000 
 20985 23543390000000000 
 20993 23543390000000000 
 21001 23543390000000000 
 21009 23543390000000000 
 21017 23543390000000000 
 21025 23543390000000000 
 21033 23543390000000000 
 21041 23543390000000000 
 21049 23543390000000000 
 21057 23543390000000000 
 21065 23543390000000000 
 21073 23543390000000000 
 21081 23543390000000000 
 21089 23543390000000000 
 21097 23543390000000000 
 21105 23543390000000000 
 21113 23543390000000000 
 21121 23543390000000000 
 21129 23543390000000000 
 21137 23543390000000000 
 21145 23543390000000000 
 21153 23543390000000000 
 21161 23543390000000000 
 21169 23543390000000000 
 21177 23543390000000000 
 21185 23543390000000000 
 21193 23543390000000000 
 21201 23543390000000000 
 21209 23543390000000000 
 21217 23543390000000000 
 21225 23543390000000000 
 21233 23543390000000000 
 21241 23543390000000000 
 21249 23543390000000000 
 21257 23543390000000000 
 21265 23543390000000000 
 21273 23543390000000000 
 21281 23543390000000000 
 21289 23543390000000000 
 21297 23543390000000000 
 21305 23543390000000000 
 21313 23543390000000000 
 21321 23543390000000000 
 21329 23543390000000000 
 21337 23543390000000000 
 21345 23543390000000000 
 21353 23543390000000000 
 21361 23543390000000000 
 21369 23543390000000000 
 21377 23543390000000000 
 21385 23543390000000000 
 21393 23543390000000000 
 21401 23543390000000000 
 21409 23543390000000000 
 21417 23543390000000000 
 21425 23543390000000000 
 21433 23543390000000000 
 21441 23543390000000000 
 21449 23543390000000000 
 21457 23543390000000000 
 21465 23543390000000000 
 21473 23543390000000000 
 21481 23543390000000000 
 21489 23543390000000000 
 21497 23543390000000000 
 21505 23543390000000000 
 21513 23543390000000000 
 21521 23543390000000000 
 21529 23543390000000000 
 21537 23543390000000000 
 21545 23543390000000000 
 21553 23543390000000000 
 21561 23543390000000000 
 21569 23543390000000000 
 21577 23543390000000000 
 21585 23543390000000000 
 21593 23543390000000000 
 21601 23543390000000000 
 21609 23543390000000000 
 21617 23543390000000000 
 21625 23543390000000000 
 21633 23543390000000000 
 21641 23543390000000000 
 21649 23543390000000000 
 21657 23543390000000000 
 21665 23543390000000000 
 21673 23543390000000000 
 21681 23543390000000000 
 21689 23543390000000000 
 21697 23543390000000000 
 21705 23543390000000000 
 21713 23543390000000000 
 21721 23543390000000000 
 21729 23543390000000000 
 21737 23543390000000000 
 21745 23543390000000000 
 21753 23543390000000000 
 21761 23543390000000000 
 21769 23543390000000000 
 21777 23543390000000000 
 21785 23543390000000000 
 21793 23543390000000000 
 21801 23543390000000000 
 21809 23543390000000000 
 21817 23543390000000000 
 21825 23543390000000000 
 21833 23543390000000000 
 21841 23543390000000000 
 21849 23543390000000000 
 21857 23543390000000000 
 21865 23543390000000000 
 21873 23543390000000000 
 21881 23543390000000000 
 21889 23543390000000000 
 21897 23543390000000000 
 21905 23543390000000000 
 21913 23543390000000000 
 21921 23543390000000000 
 21929 23543390000000000 
 21937 23543390000000000 
 21945 23543390000000000 
 21953 23543390000000000 
 21961 23543390000000000 
 21969 23543390000000000 
 21977 23543390000000000 
 21985 23543390000000000 
 21993 23543390000000000 
 22001 23543390000000000 
 22009 23543390000000000 
 22017 23543390000000000 
 22025 23543390000000000 
 22033 23543390000000000 
 22041 23543390000000000 
 22049 23543390000000000 
 22057 23543390000000000 
 22065 23543390000000000 
 22073 23543390000000000 
 22081 23543390000000000 
 22089 23543390000000000 
 22097 23543390000000000 
 22105 23543390000000000 
 22113 23543390000000000 
 22121 23543390000000000 
 22129 23543390000000000 
 22137 23543390000000000 
 22145 23543390000000000 
 22153 23543390000000000 
 22161 23543390000000000 
 22169 23543390000000000 
 22177 23543390000000000 
 22185 23543390000000000 
 22193 23543390000000000 
 22201 23543390000000000 
 22209 23543390000000000 
 22217 23543390000000000 
 22225 23543390000000000 
 22233 23543390000000000 
 22241 23543390000000000 
 22249 23543390000000000 
 22257 23543390000000000 
 22265 23543390000000000 
 22273 23543390000000000 
 22281 23543390000000000 
 22289 23543390000000000 
 22297 23543390000000000 
 22305 23543390000000000 
 22313 23543390000000000 
 22321 23543390000000000 
 22329 23543390000000000 
 22337 23543390000000000 
 22345 23543390000000000 
 22353 23543390000000000 
 22361 23543390000000000 
 22369 23543390000000000 
 22377 23543390000000000 
 22385 23543390000000000 
 22393 23543390000000000 
 22401 23543390000000000 
 22409 23543390000000000 
 22417 23543390000000000 
 22425 23543390000000000 
 22433 23543390000000000 
 22441 23543390000000000 
 22449 23543390000000000 
 22457 23543390000000000 
 22465 23543390000000000 
 22473 23543390000000000 
 22481 23543390000000000 
 22489 23543390000000000 
 22497 23543390000000000 
 22505 23543390000000000 
 22513 23543390000000000 
 22521 23543390000000000 
 22529 23543390000000000 
 22537 23543390000000000 
 22545 23543390000000000 
 22553 23543390000000000 
 22561 23543390000000000 
 22569 23543390000000000 
 22577 23543390000000000 
 22585 23543390000000000 
 22593 23543390000000000 
 22601 23543390000000000 
 22609 23543390000000000 
 22617 23543390000000000 
 22625 23543390000000000 
 22633 23543390000000000 
 22641 23543390000000000 
 22649 23543390000000000 
 22657 23543390000000000 
 22665 23543390000000000 
 22673 23543390000000000 
 22681 23543390000000000 
 22689 23543390000000000 
 22697 23543390000000000 
 22705 23543390000000000 
 22713 23543390000000000 
 22721 23543390000000000 
 22729 23543390000000000 
 22737 23543390000000000 
 22745 23543390000000000 
 22753 23543390000000000 
 22761 23543390000000000 
 22769 23543390000000000 
 22777 23543390000000000 
 22785 23543390000000000 
 22793 23543390000000000 
 22801 23543390000000000 
 22809 23543390000000000 
 22817 23543390000000000 
 22825 23543390000000000 
 22833 23543390000000000 
 22841 23543390000000000 
 22849 23543390000000000 
 22857 23543390000000000 
 22865 23543390000000000 
 22873 23543390000000000 
 22881 23543390000000000 
 22889 23543390000000000 
 22897 23543390000000000 
 22905 23543390000000000 
 22913 23543390000000000 
 22921 23543390000000000 
 22929 23543390000000000 
 22937 23543390000000000 
 22945 23543390000000000 
 22953 23543390000000000 
 22961 23543390000000000 
 22969 23543390000000000 
 22977 23543390000000000 
 22985 23543390000000000 
 22993 23543390000000000 
 23001 23543390000000000 
 23009 23543390000000000 
 23017 23543390000000000 
 23025 23543390000000000 
 23033 23543390000000000 
 23041 23543390000000000 
 23049 23543390000000000 
 23057 23543390000000000 
 23065 23543390000000000 
 23073 23543390000000000 
 23081 23543390000000000 
 23089 23543390000000000 
 23097 23543390000000000 
 23105 23543390000000000 
 23113 23543390000000000 
 23121 23543390000000000 
 23129 23543390000000000 
 23137 23543390000000000 
 23145 23543390000000000 
 23153 23543390000000000 
 23161 23543390000000000 
 23169 23543390000000000 
 23177 23543390000000000 
 23185 23543390000000000 
 23193 23543390000000000 
 23201 23543390000000000 
 23209 23543390000000000 
 23217 23543390000000000 
 23225 23543390000000000 
 23233 23543390000000000 
 23241 23543390000000000 
 23249 23543390000000000 
 23257 23543390000000000 
 23265 23543390000000000 
 23273 23543390000000000 
 23281 23543390000000000 
 23289 23543390000000000 
 23297 23543390000000000 
 23305 23543390000000000 
 23313 23543390000000000 
 23321 23543390000000000 
 23329 23543390000000000 
 23337 23543390000000000 
 23345 23543390000000000 
 23353 23543390000000000 
 23361 23543390000000000 
 23369 23543390000000000 
 23377 23543390000000000 
 23385 23543390000000000 
 23393 23543390000000000 
 23401 23543390000000000 
 23409 23543390000000000 
 23417 23543390000000000 
 23425 23543390000000000 
 23433 23543390000000000 
 23441 23543390000000000 
 23449 23543390000000000 
 23457 23543390000000000 
 23465 23543390000000000 
 23473 23543390000000000 
 23481 23543390000000000 
 23489 23543390000000000 
 23497 23543390000000000 
 23505 23543390000000000 
 23513 23543390000000000 
 23521 23543390000000000 
 23529 23543390000000000 
 23537 23543390000000000 
 23545 23543390000000000 
 23553 23543390000000000 
 23561 23543390000000000 
 23569 23543390000000000 
 23577 23543390000000000 
 23585 23543390000000000 
 23593 23543390000000000 
 23601 23543390000000000 
 23609 23543390000000000 
 23617 23543390000000000 
 23625 23543390000000000 
 23633 23543390000000000 
 23641 23543390000000000 
 23649 23543390000000000 
 23657 23543390000000000 
 23665 23543390000000000 
 23673 23543390000000000 
 23681 23543390000000000 
 23689 23543390000000000 
 23697 23543390000000000 
 23705 23543390000000000 
 23713 23543390000000000 
 23721 23543390000000000 
 23729 23543390000000000 
 23737 23543390000000000 
 23745 23543390000000000 
 23753 23543390000000000 
 23761 23543390000000000 
 23769 23543390000000000 
 23777 23543390000000000 
 23785 23543390000000000 
 23793 23543390000000000 
 23801 23543390000000000 
 23809 23543390000000000 
 23817 23543390000000000 
 23825 23543390000000000 
 23833 23543390000000000 
 23841 23543390000000000 
 23849 23543390000000000 
 23857 23543390000000000 
 23865 23543390000000000 
 23873 23543390000000000 
 23881 23543390000000000 
 23889 23543390000000000 
 23897 23543390000000000 
 23905 23543390000000000 
 23913 23543390000000000 
 23921 23543390000000000 
 23929 23543390000000000 
 23937 23543390000000000 
 23945 23543390000000000 
 23953 23543390000000000 
 23961 23543390000000000 
 23969 23543390000000000 
 23977 23543390000000000 
 23985 23543390000000000 
 23993 23543390000000000 
 20001 23543390000000000 
 20009 23543390000000000 
 20017 23543390000000000 
 20025 23543390000000000 
 20033 23543390000000000 
 20041 23543390000000000 
 20049 23543390000000000 
 20057 23543390000000000 
 20065 23543390000000000 
 20073 23543390000000000 
 20081 23543390000000000 
 20089 23543390000000000 
 20097 23543390000000000 
 20105 23543390000000000 
 20113 23543390000000000 
 20121 23543390000000000 
 20129 23543390000000000 
 20137 23543390000000000 
 20145 23543390000000000 
 20153 23543390000000000 
 20161 23543390000000000 
 20169 23543390000000000 
 20177 23543390000000000 
 20185 23543390000000000 
 20193 23543390000000000 
 20201 23543390000000000 
 20209 23543390000000000 
 20217 23543390000000000 
 20225 23543390000000000 
 20233 23543390000000000 
 20241 23543390000000000 
 20249 23543390000000000 
 20257 23543390000000000 
 20265 23543390000000000 
 20273 23543390000000000 
 20281 23543390000000000 
 20289 23543390000000000 
 20297 23543390000000000 
 20305 23543390000000000 
 20313 23543390000000000 
 20321 23543390000000000 
 20329 23543390000000000 
 20337 23543390000000000 
 20345 23543390000000000 
 20353 23543390000000000 
 20361 23543390000000000 
 20369 23543390000000000 
 20377 23543390000000000 
 20385 23543390000000000 
 20393 23543390000000000 
 20401 23543390000000000 
 20409 23543390000000000 
 20417 23543390000000000 
 20425 23543390000000000 
 20433 23543390000000000 
 20441 23543390000000000 
 20449 23543390000000000 
 20457 23543390000000000 
 20465 23543390000000000 
 20473 23543390000000000 
 20481 23543390000000000 
 20489 23543390000000000 
 20497 23543390000000000 
 20505 23543390000000000 
 20513 23543390000000000 
 20521 23543390000000000 
 20529 23543390000000000 
 20537 23543390000000000 
 20545 23543390000000000 
 20553 23543390000000000 
 20561 23543390000000000 
 20569 23543390000000000 
 20577 23543390000000000 
 20585 23543390000000000 
 20593 23543390000000000 
 20601 23543390000000000 
 20609 23543390000000000 
 20617 23543390000000000 
 20625 23543390000000000 
 20633 23543390000000000 
 20641 23543390000000000 
 20649 23543390000000000 
 20657 23543390000000000 
 20665 23543390000000000 
 20673 23543390000000000 
 20681 23543390000000000 
 20689 23543390000000000 
 20697 23543390000000000 
 20705 23543390000000000 
 20713 23543390000000000 
 20721 23543390000000000 
 20729 23543390000000000 
 20737 23543390000000000 
 20745 23543390000000000 
 20753 23543390000000000 
 20761 23543390000000000 
 20769 23543390000000000 
 20777 23543390000000000 
 20785 23543390000000000 
 20793 23543390000000000 
 20801 23543390000000000 
 20809 23543390000000000 
 20817 23543390000000000 
 20825 23543390000000000 
 20833 23543390000000000 
 20841 23543390000000000 
 20849 23543390000000000 
 20857 23543390000000000 
 20865 23543390000000000 
 20873 23543390000000000 
 20881 23543390000000000 
 20889 23543390000000000 
 20897 23543390000000000 
 20905 23543390000000000 
 20913 23543390000000000 
 20921 23543390000000000 
 20929 23543390000000000 
 20937 23543390000000000 
 20945 23543390000000000 
 20953 23543390000000000 
 20961 23543390000000000 
 20969 23543390000000000 
 20977 23543390000000000 
 20985 23543390000000000 
 20993 23543390000000000 
 21001 23543390000000000 
 21009 23543390000000000 
 21017 23543390000000000 
 21025 23543390000000000 
 21033 23543390000000000 
 21041 23543390000000000 
 21049 23543390000000000 
 21057 23543390000000000 
 21065 23543390000000000 
 21073 23543390000000000 
 21081 23543390000000000 
 21089 23543390000000000 
 21097 23543390000000000 
 21105 23543390000000000 
 21113 23543390000000000 
 21121 23543390000000000 
 21129 23543390000000000 
 21137 23543390000000000 
 21145 23543390000000000 
 21153 23543390000000000 
 21161 23543390000000000 
 21169 23543390000000000 
 21177 23543390000000000 
 21185 23543390000000000 
 21193 23543390000000000 
 21201 23543390000000000 
 21209 23543390000000000 
 21217 23543390000000000 
 21225 23543390000000000 
 21233 23543390000000000 
 21241 23543390000000000 
 21249 23543390000000000 
 21257 23543390000000000 
 21265 23543390000000000 
 21273 23543390000000000 
 21281 23543390000000000 
 21289 23543390000000000 
 21297 23543390000000000 
 21305 23543390000000000 
 21313 23543390000000000 
 21321 23543390000000000 
 21329 23543390000000000 
 21337 23543390000000000 
 21345 23543390000000000 
 21353 23543390000000000 
 21361 23543390000000000 
 21369 23543390000000000 
 21377 23543390000000000 
 21385 23543390000000000 
 21393 23543390000000000 
 21401 23543390000000000 
 21409 23543390000000000 
 21417 23543390000000000 
 21425 23543390000000000 
 21433 23543390000000000 
 21441 23543390000000000 
 21449 23543390000000000 
 21457 23543390000000000 
 21465 23543390000000000 
 21473 23543390000000000 
 21481 23543390000000000 
 21489 23543390000000000 
 21497 23543390000000000 
 21505 23543390000000000 
 21513 23543390000000000 
 21521 23543390000000000 
 21529 23543390000000000 
 21537 23543390000000000 
 21545 23543390000000000 
 21553 23543390000000000 
 21561 23543390000000000 
 21569 23543390000000000 
 21577 23543390000000000 
 21585 23543390000000000 
 21593 23543390000000000 
 21601 23543390000000000 
 21609 23543390000000000 
 21617 23543390000000000 
 21625 23543390000000000 
 21633 23543390000000000 
 21641 23543390000000000 
 21649 23543390000000000 
 21657 23543390000000000 
 21665 23543390000000000 
 21673 23543390000000000 
 21681 23543390000000000 
 21689 23543390000000000 
 21697 23543390000000000 
 21705 23543390000000000 
 21713 23543390000000000 
 21721 23543390000000000 
 21729 23543390000000000 
 21737 23543390000000000 
 21745 23543390000000000 
 21753 23543390000000000 
 21761 23543390000000000 
 21769 23543390000000000 
 21777 23543390000000000 
 21785 23543390000000000 
 21793 23543390000000000 
 21801 23543390000000000 
 21809 23543390000000000 
 21817 23543390000000000 
 21825 23543390000000000 
 21833 23543390000000000 
 21841 23543390000000000 
 21849 23543390000000000 
 21857 23543390000000000 
 21865 23543390000000000 
 21873 23543390000000000 
 21881 23543390000000000 
 21889 23543390000000000 
 21897 23543390000000000 
 21905 23543390000000000 
 21913 23543390000000000 
 21921 23543390000000000 
 21929 23543390000000000 
 21937 23543390000000000 
 21945 23543390000000000 
 21953 23543390000000000 
 21961 23543390000000000 
 21969 23543390000000000 
 21977 23543390000000000 
 21985 23543390000000000 
 21993 23543390000000000 
 22001 23543390000000000 
 22009 23543390000000000 
 22017 23543390000000000 
 22025 23543390000000000 
 22033 23543390000000000 
 22041 23543390000000000 
 22049 23543390000000000 
 22057 23543390000000000 
 22065 23543390000000000 
 22073 23543390000000000 
 22081 23543390000000000 
 22089 23543390000000000 
 22097 23543390000000000 
 22105 23543390000000000 
 22113 23543390000000000 
 22121 23543390000000000 
 22129 23543390000000000 
 22137 23543390000000000 
 22145 23543390000000000 
 22153 23543390000000000 
 22161 23543390000000000 
 22169 23543390000000000 
 22177 23543390000000000 
 22185 23543390000000000 
 22193 23543390000000000 
 22201 23543390000000000 
 22209 23543390000000000 
 22217 23543390000000000 
 22225 23543390000000000 
 22233 23543390000000000 
 22241 23543390000000000 
 22249 23543390000000000 
 22257 23543390000000000 
 22265 23543390000000000 
 22273 23543390000000000 
 22281 23543390000000000 
 22289 23543390000000000 
 22297 23543390000000000 
 22305 23543390000000000 
 22313 23543390000000000 
 22321 23543390000000000 
 22329 23543390000000000 
 22337 23543390000000000 
 22345 23543390000000000 
 22353 23543390000000000 
 22361 23543390000000000 
 22369 23543390000000000 
 22377 23543390000000000 
 22385 23543390000000000 
 22393 23543390000000000 
 22401 23543390000000000 
 22409 23543390000000000 
 22417 23543390000000000 
 22425 23543390000000000 
 22433 23543390000000000 
 22441 23543390000000000 
 22449 23543390000000000 
 22457 23543390000000000 
 22465 23543390000000000 
 22473 23543390000000000 
 22481 23543390000000000 
 22489 23543390000000000 
 22497 23543390000000000 
 22505 23543390000000000 
 22513 23543390000000000 
 22521 23543390000000000 
 22529 23543390000000000 
 22537 23543390000000000 
 22545 23543390000000000 
 22553 23543390000000000 
 22561 23543390000000000 
 22569 23543390000000000 
 22577 23543390000000000 
 22585 23543390000000000 
 22593 23543390000000000 
 22601 23543390000000000 
 22609 23543390000000000 
 22617 23543390000000000 
 22625 23543390000000000 
 22633 23543390000000000 
 22641 23543390000000000 
 22649 23543390000000000 
 22657 23543390000000000 
 22665 23543390000000000 
 22673 23543390000000000 
 22681 23543390000000000 
 22689 23543390000000000 
 22697 23543390000000000 
 22705 23543390000000000 
 22713 23543390000000000 
 22721 23543390000000000 
 22729 23543390000000000 
 22737 23543390000000000 
 22745 23543390000000000 
 22753 23543390000000000 
 22761 23543390000000000 
 22769 23543390000000000 
 22777 23543390000000000 
 22785 23543390000000000 
 22793 23543390000000000 
 22801 23543390000000000 
 22809 23543390000000000 
 22817 23543390000000000 
 22825 23543390000000000 
 22833 23543390000000000 
 22841 23543390000000000 
 22849 23543390000000000 
 22857 23543390000000000 
 22865 23543390000000000 
 22873 23543390000000000 
 22881 23543390000000000 
 22889 23543390000000000 
 22897 23543390000000000 
 22905 23543390000000000 
 22913 23543390000000000 
 22921 23543390000000000 
 22929 23543390000000000 
 22937 23543390000000000 
 22945 23543390000000000 
 22953 23543390000000000 
 22961 23543390000000000 
 22969 23543390000000000 
 22977 23543390000000000 
 22985 23543390000000000 
 22993 23543390000000000 
 23001 23543390000000000 
 23009 23543390000000000 
 23017 23543390000000000 
 23025 23543390000000000 
 23033 23543390000000000 
 23041 23543390000000000 
 23049 23543390000000000 
 23057 23543390000000000 
 23065 23543390000000000 
 23073 23543390000000000 
 23081 23543390000000000 
 23089 23543390000000000 
 23097 23543390000000000 
 23105 23543390000000000 
 23113 23543390000000000 
 23121 23543390000000000 
 23129 23543390000000000 
 23137 23543390000000000 
 23145 23543390000000000 
 23153 23543390000000000 
 23161 23543390000000000 
 23169 23543390000000000 
 23177 23543390000000000 
 23185 23543390000000000 
 23193 23543390000000000 
 23201 23543390000000000 
 23209 23543390000000000 
 23217 23543390000000000 
 23225 23543390000000000 
 23233 23543390000000000 
 23241 23543390000000000 
 23249 23543390000000000 
 23257 23543390000000000 
 23265 23543390000000000 
 23273 23543390000000000 
 23281 23543390000000000 
 23289 23543390000000000 
 23297 23543390000000000 
 23305 23543390000000000 
 23313 23543390000000000 
 23321 23543390000000000 
 23329 23543390000000000 
 23337 23543390000000000 
 23345 23543390000000000 
 23353 23543390000000000 
 23361 23543390000000000 
 23369 23543390000000000 
 23377 23543390000000000 
 23385 23543390000000000 
 23393 23543390000000000 
 23401 23543390000000000 
 23409 23543390000000000 
 23417 23543390000000000 
 23425 23543390000000000 
 23433 23543390000000000 
 23441 23543390000000000 
 23449 23543390000000000 
 23457 23543390000000000 
 23465 23543390000000000 
 23473 23543390000000000 
 23481 23543390000000000 
 23489 23543390000000000 
 23497 23543390000000000 
 23505 23543390000000000 
 23513 23543390000000000 
 23521 23543390000000000 
 23529 23543390000000000 
 23537 23543390000000000 
 23545 23543390000000000 
 23553 23543390000000000 
 23561 23543390000000000 
 23569 23543390000000000 
 23577 23543390000000000 
 23585 23543390000000000 
 23593 23543390000000000 
 23601 23543390000000000 
 23609 23543390000000000 
 23617 23543390000000000 
 23625 23543390000000000 
 23633 23543390000000000 
 23641 23543390000000000 
 23649 23543390000000000 
 23657 23543390000000000 
 23665 23543390000000000 
 23673 23543390000000000 
 23681 23543390000000000 
 23689 23543390000000000 
 23697 23543390000000000 
 23705 23543390000000000 
 23713 23543390000000000 
 23721 23543390000000000 
 23729 23543390000000000 
 23737 23543390000000000 
 23745 23543390000000000 
 23753 23543390000000000 
 23761 23543390000000000 
 23769 23543390000000000 
 23777 23543390000000000 
 23785 23543390000000000 
 23793 23543390000000000 
 23801 23543390000000000 
 23809 23543390000000000 
 23817 23543390000000000 
 23825 23543390000000000 
 23833 23543390000000000 
 23841 23543390000000000 
 23849 23543390000000000 
 23857 23543390000000000 
 23865 23543390000000000 
 23873 23543390000000000 
 23881 23543390000000000 
 23889 23543390000000000 
 23897 23543390000000000 
 23905 23543390000000000 
 23913 23543390000000000 
 23921 23543390000000000 
 23929 23543390000000000 
 23937 23543390000000000 
 23945 23543390000000000 
 23953 23543390000000000 
 23961 23543390000000000 
 23969 23543390000000000 
 23977 23543390000000000 
 23985 23543390000000000 
 23993 23543390000000000 
