  8001 169974920000000 
  8009 293129220000000 
  8017 511151390000000 
  8025 719263470000000 
  8033 975738320000000 
  8041 1318905100000000 
  8049 1486842300000000 
  8057 1738003200000000 
  8065 2037518800000000 
  8073 2312602000000000 
  8081 2501208000000000 
  8089 2598959100000000 
  8097 2624914800000000 
  8105 2637739900000000 
  8113 2660778300000000 
  8121 2699129800000000 
  8129 2740348800000000 
  8137 2764106500000000 
  8145 2766237300000000 
  8153 2749818200000000 
  8161 2687145600000000 
  8169 2500715300000000 
  8177 2085186100000000 
  8185 1532841400000000 
  8193 1129794100000000 
  8201 1131294400000000 
  8209 1343275700000000 
  8217 1569770000000000 
  8225 2005120800000000 
  8233 2658707600000000 
  8241 3723192900000000 
  8249 4624073800000000 
  8257 5360317400000000 
  8265 5246435400000000 
  8273 3965801000000000 
  8281 2304882900000000 
  8289 1554611500000000 
  8297 1261027600000000 
  8305 1195306100000000 
  8313 1369728100000000 
  8321 1376442400000000 
  8329 1459450200000000 
  8337 1628985300000000 
  8345 1729431300000000 
  8353 1598815700000000 
  8361 1258789100000000 
  8369 1023278100000000 
  8377 1131244100000000 
  8385 1483632700000000 
  8393 1829383100000000 
  8401 2343241300000000 
  8409 3023779300000000 
  8417 4100872600000000 
  8425 5018430900000000 
  8433 5616314100000000 
  8441 5386162800000000 
  8449 4050130300000000 
  8457 2281223900000000 
  8465 1419043400000000 
  8473 1118001300000000 
  8481 1204621700000000 
  8489 1368496600000000 
  8497 1376013000000000 
  8505 1458137300000000 
  8513 1597100100000000 
  8521 1779215800000000 
  8529 1921361300000000 
  8537 1967900200000000 
  8545 1938922400000000 
  8553 1915826800000000 
  8561 1961691900000000 
  8569 2127172000000000 
  8577 2432218100000000 
  8585 2780621400000000 
  8593 3126881800000000 
  8601 3077051300000000 
  8609 3444270800000000 
  8617 3169199600000000 
  8625 2347352800000000 
  8633 1606866000000000 
  8641 942607930000000 
  8649 710350780000000 
  8657 693436880000000 
  8665 825750340000000 
  8673 1142251100000000 
  8681 1662655800000000 
  8689 2119974400000000 
  8697 3014794300000000 
  8705 4239411100000000 
  8713 4578129700000000 
  8721 3818390200000000 
  8729 2444496700000000 
  8737 1881670300000000 
  8745 1643187500000000 
  8753 1627305200000000 
  8761 1698431500000000 
  8769 1782295700000000 
  8777 1927105000000000 
  8785 2169305100000000 
  8793 2317444500000000 
  8801 2165948400000000 
  8809 1667930100000000 
  8817 1213796800000000 
  8825 1184031800000000 
  8833 1346356900000000 
  8841 1518242700000000 
  8849 1863830100000000 
  8857 2368875100000000 
  8865 3083124900000000 
  8873 4095495300000000 
  8881 4716631300000000 
  8889 5000914600000000 
  8897 4738279300000000 
  8905 3929737000000000 
  8913 2834736700000000 
  8921 2405777800000000 
  8929 2145892700000000 
  8937 1979577300000000 
  8945 1901675700000000 
  8953 1887320600000000 
  8961 1910352000000000 
  8969 1948927800000000 
  8977 1996202800000000 
  8985 2035528500000000 
  8993 2058667100000000 
  9001 2071846300000000 
  9009 2098774900000000 
  9017 2174229900000000 
  9025 2369445500000000 
  9033 2729629800000000 
  9041 3260086000000000 
  9049 3445534000000000 
  9057 3699301400000000 
  9065 3977316100000000 
  9073 4023505500000000 
  9081 3389530300000000 
  9089 2103294400000000 
  9097 1264353300000000 
  9105 875729940000000 
  9113 828176200000000 
  9121 907144150000000 
  9129 1119629900000000 
  9137 1496022100000000 
  9145 1789151200000000 
  9153 2272840700000000 
  9161 2751597800000000 
  9169 2927916300000000 
  9177 2825411600000000 
  9185 2663691300000000 
  9193 2636783800000000 
  9201 2772745400000000 
  9209 3000341200000000 
  9217 3315778900000000 
  9225 3236898500000000 
  9233 3098152200000000 
  9241 2759898300000000 
  9249 2623804100000000 
  9257 2299035500000000 
  9265 1999894600000000 
  9273 1826343600000000 
  9281 1787642800000000 
  9289 1832811400000000 
  9297 1943564800000000 
  9305 2098681700000000 
  9313 2273723900000000 
  9321 2428181300000000 
  9329 2534730700000000 
  9337 2641320200000000 
  9345 2784141200000000 
  9353 2992811500000000 
  9361 3284222300000000 
  9369 3168286000000000 
  9377 2970266000000000 
  9385 3055171900000000 
  9393 2954086600000000 
  9401 2684198700000000 
  9409 2415080800000000 
  9417 2243770900000000 
  9425 2186820500000000 
  9433 2205056300000000 
  9441 2275080700000000 
  9449 2403994600000000 
  9457 2543287200000000 
  9465 2611402900000000 
  9473 2593413300000000 
  9481 2548064100000000 
  9489 2563692000000000 
  9497 2685558700000000 
  9505 2963860100000000 
  9513 3432157800000000 
  9521 3580948600000000 
  9529 3673717100000000 
  9537 3604589600000000 
  9545 3121356100000000 
  9553 2311364300000000 
  9561 1862476700000000 
  9569 1536505400000000 
  9577 1381467100000000 
  9585 1341619300000000 
  9593 1371307700000000 
  9601 1436820100000000 
  9609 1535957100000000 
  9617 1679267400000000 
  9625 1853336300000000 
  9633 2106028500000000 
  9641 2471378600000000 
  9649 2930947300000000 
  9657 3465153400000000 
  9665 3533330200000000 
  9673 3444408700000000 
  9681 3116616900000000 
  9689 2596365600000000 
  9697 2450322600000000 
  9705 2346874900000000 
  9713 2330143700000000 
  9721 2386530000000000 
  9729 2486172300000000 
  9737 2594457000000000 
  9745 2662922200000000 
  9753 2566175700000000 
  9761 2187664300000000 
  9769 1716338100000000 
  9777 1432262300000000 
  9785 1392166600000000 
  9793 1528442100000000 
  9801 1842689100000000 
  9809 2318040000000000 
  9817 3062813800000000 
  9825 4221058100000000 
  9833 4930986000000000 
  9841 4984907600000000 
  9849 4074590800000000 
  9857 2767174700000000 
  9865 2294876800000000 
  9873 2130508500000000 
  9881 2148375300000000 
  9889 2216001900000000 
  9897 2345207900000000 
  9905 2570951000000000 
  9913 2833097500000000 
  9921 2912579600000000 
  9929 2621125800000000 
  9937 2024264300000000 
  9945 1656991000000000 
  9953 1608001100000000 
  9961 1750434300000000 
  9969 2091716000000000 
  9977 2562555500000000 
  9985 3187266700000000 
  9993 3427144700000000 
 10001 3574246400000000 
 10009 3459209200000000 
 10017 2994726700000000 
 10025 2816128700000000 
 10033 2566019400000000 
 10041 2333097700000000 
 10049 2134911300000000 
 10057 2037582400000000 
 10065 2040544600000000 
 10073 2117058100000000 
 10081 2274943900000000 
 10089 2542524600000000 
 10097 2929824000000000 
 10105 3454285400000000 
 10113 3559724500000000 
 10121 3296844800000000 
 10129 2558901500000000 
 10137 2221302600000000 
 10145 1977858900000000 
 10153 1954422000000000 
 10161 2090664800000000 
 10169 2280348000000000 
 10177 2487971700000000 
 10185 2824297300000000 
 10193 3335148300000000 
 10201 3157345000000000 
 10209 2062374500000000 
 10217 1279917600000000 
 10225 899407230000000 
 10233 904695130000000 
 10241 1102422600000000 
 10249 1545438500000000 
 10257 1794577400000000 
 10265 2188360900000000 
 10273 2995451400000000 
 10281 4123420200000000 
 10289 4428916000000000 
 10297 3723661300000000 
 10305 2476028300000000 
 10313 2078211200000000 
 10321 2015957700000000 
 10329 2198168500000000 
 10337 2459548500000000 
 10345 2729761200000000 
 10353 3072981600000000 
 10361 3469521000000000 
 10369 3199621000000000 
 10377 2383916700000000 
 10385 1839110800000000 
 10393 1306755000000000 
 10401 1124404000000000 
 10409 1295528800000000 
 10417 1429508700000000 
 10425 1702173400000000 
 10433 2130531700000000 
 10441 2739654600000000 
 10449 3419979700000000 
 10457 3587914100000000 
 10465 3654194700000000 
 10473 3593745500000000 
 10481 3397659100000000 
 10489 3110939300000000 
 10497 2745202700000000 
 10505 2682546800000000 
 10513 2594831900000000 
 10521 2528280400000000 
 10529 2524684100000000 
 10537 2603695800000000 
 10545 2745700900000000 
 10553 2949298100000000 
 10561 3228501500000000 
 10569 2990516700000000 
 10577 2960528300000000 
 10585 2654986400000000 
 10593 2287007700000000 
 10601 2107385600000000 
 10609 2159757900000000 
 10617 2402422800000000 
 10625 2768318300000000 
 10633 3345027600000000 
 10641 3735190100000000 
 10649 4077642100000000 
 10657 3821517000000000 
 10665 2730600200000000 
 10673 2133214600000000 
 10681 1761028800000000 
 10689 1657777900000000 
 10697 1749300100000000 
 10705 1931218300000000 
 10713 2205269000000000 
 10721 2584753000000000 
 10729 2921541300000000 
 10737 3009465000000000 
 10745 2770348600000000 
 10753 2414186800000000 
 10761 2246065000000000 
 10769 2291146900000000 
 10777 2517158100000000 
 10785 2894946100000000 
 10793 3457387200000000 
 10801 3693786000000000 
 10809 3791797100000000 
 10817 3479145500000000 
 10825 2786341800000000 
 10833 2588499900000000 
 10841 2445787300000000 
 10849 2411920300000000 
 10857 2468988100000000 
 10865 2596766600000000 
 10873 2741807400000000 
 10881 2857228300000000 
 10889 2896608700000000 
 10897 2873896200000000 
 10905 2862722500000000 
 10913 2924954600000000 
 10921 3151516900000000 
 10929 3153399000000000 
 10937 3295476200000000 
 10945 3475365900000000 
 10953 3541762400000000 
 10961 3369249600000000 
 10969 2880261200000000 
 10977 2693763900000000 
 10985 2536966700000000 
 10993 2504637800000000 
 11001 2580678500000000 
 11009 2731536700000000 
 11017 2907342700000000 
 11025 3082010300000000 
 11033 3159783600000000 
 11041 2593916600000000 
 11049 2481397900000000 
 11057 2436295500000000 
 11065 2510021600000000 
 11073 2752590300000000 
 11081 3165887000000000 
 11089 3293612400000000 
 11097 3424434500000000 
 11105 3438714700000000 
 11113 3308339900000000 
 11121 3082357900000000 
 11129 3248966100000000 
 11137 3130501200000000 
 11145 3090418800000000 
 11153 3459305500000000 
 11161 3377858300000000 
 11169 3134488900000000 
 11177 2568372500000000 
 11185 2157765400000000 
 11193 1672260500000000 
 11201 1414568500000000 
 11209 1393594500000000 
 11217 1494396000000000 
 11225 1725777000000000 
 11233 2183923300000000 
 11241 2874105300000000 
 11249 3461211700000000 
 11257 3089051100000000 
 11265 2907266600000000 
 11273 2757993300000000 
 11281 2798069100000000 
 11289 3040728400000000 
 11297 3407446600000000 
 11305 3391292800000000 
 11313 3461017900000000 
 11321 3598356300000000 
 11329 3442615700000000 
 11337 2586917700000000 
 11345 1799686600000000 
 11353 1152023700000000 
 11361 1129560600000000 
 11369 1319405600000000 
 11377 1475350200000000 
 11385 1748896600000000 
 11393 2209477000000000 
 11401 2959153400000000 
 11409 3828739600000000 
 11417 3903344500000000 
 11425 3172430600000000 
 11433 2279542000000000 
 11441 2090172400000000 
 11449 2107078000000000 
 11457 2318530000000000 
 11465 2676503100000000 
 11473 3101028900000000 
 11481 3151163600000000 
 11489 3133087700000000 
 11497 2972644700000000 
 11505 3037007300000000 
 11513 2989388600000000 
 11521 2919771400000000 
 11529 2885205900000000 
 11537 2892351100000000 
 11545 2920928300000000 
 11553 2965946000000000 
 11561 3046765400000000 
 11569 3234238900000000 
 11577 3191739900000000 
 11585 3316665900000000 
 11593 3592049800000000 
 11601 3937692600000000 
 11609 4204054600000000 
 11617 4098993500000000 
 11625 3246030100000000 
 11633 2061155800000000 
 11641 1502411200000000 
 11649 1254209300000000 
 11657 1236633600000000 
 11665 1534825700000000 
 11673 1622700200000000 
 11681 1854770100000000 
 11689 2409314600000000 
 11697 2947522400000000 
 11705 2920072700000000 
 11713 2246902100000000 
 11721 1833674300000000 
 11729 1837343100000000 
 11737 2117303700000000 
 11745 2608927200000000 
 11753 3110639900000000 
 11761 3225065200000000 
 11769 3699784100000000 
 11777 4162494800000000 
 11785 3701764200000000 
 11793 2050228500000000 
 11801 1086196400000000 
 11809 913692430000000 
 11817 955112390000000 
 11825 1153194100000000 
 11833 1486179200000000 
 11841 1656065600000000 
 11849 2021704000000000 
 11857 2663753600000000 
 11865 3229100800000000 
 11873 2811871300000000 
 11881 2586420300000000 
 11889 2382877700000000 
 11897 2387904900000000 
 11905 2624461400000000 
 11913 3076669700000000 
 11921 3807825800000000 
 11929 4311881500000000 
 11937 4889164200000000 
 11945 5333321300000000 
 11953 5629304500000000 
 11961 5712011400000000 
 11969 5619466100000000 
 11977 5403999800000000 
 11985 5059002400000000 
 11993 4560942900000000 
 12001 3709178600000000 
 12009 2626547000000000 
 12017 2331149000000000 
 12025 2298102400000000 
 12033 2508501300000000 
 12041 2963075400000000 
 12049 3778154500000000 
 12057 4517761600000000 
 12065 5467347100000000 
 12073 6061926900000000 
 12081 5903608000000000 
 12089 5536005000000000 
 12097 5192132300000000 
 12105 5149416500000000 
 12113 5280557400000000 
 12121 5376093200000000 
 12129 5526620400000000 
 12137 5870482800000000 
 12145 6163066000000000 
 12153 5959823900000000 
 12161 4731333200000000 
 12169 2671108400000000 
 12177 1801461300000000 
 12185 1574340500000000 
 12193 1795278700000000 
 12201 2233254300000000 
 12209 2839569300000000 
 12217 3957340500000000 
 12225 5058497400000000 
 12233 5880519700000000 
 12241 5714861300000000 
 12249 4752384700000000 
 12257 3549145200000000 
 12265 2613439100000000 
 12273 2496062200000000 
 12281 2591128100000000 
 12289 2831419600000000 
 12297 3156473400000000 
 12305 3092079800000000 
 12313 3306168800000000 
 12321 2828518400000000 
 12329 2722616600000000 
 12337 2670409400000000 
 12345 2782713700000000 
 12353 3079093600000000 
 12361 3597601800000000 
 12369 3865280500000000 
 12377 4123415600000000 
 12385 4277428200000000 
 12393 4288153000000000 
 12401 4189972800000000 
 12409 4093096300000000 
 12417 4043128900000000 
 12425 4014116600000000 
 12433 3966090800000000 
 12441 3803446800000000 
 12449 3348304600000000 
 12457 2525863300000000 
 12465 1960258800000000 
 12473 1440325900000000 
 12481 1268816100000000 
 12489 1307681800000000 
 12497 1501332200000000 
 12505 1901435500000000 
 12513 2705371100000000 
 12521 3940146600000000 
 12529 4661294100000000 
 12537 4911818000000000 
 12545 4640572700000000 
 12553 4295866000000000 
 12561 4151895000000000 
 12569 4184734200000000 
 12577 4238618000000000 
 12585 4291969100000000 
 12593 4364301500000000 
 12601 4318294000000000 
 12609 3810980200000000 
 12617 2618829300000000 
 12625 1855002300000000 
 12633 1360612900000000 
 12641 1265701600000000 
 12649 1360379000000000 
 12657 1626959200000000 
 12665 2087408200000000 
 12673 2749728300000000 
 12681 3388176400000000 
 12689 3401745600000000 
 12697 3303944100000000 
 12705 3242326300000000 
 12713 3274973200000000 
 12721 3365007300000000 
 12729 3492422700000000 
 12737 3595604100000000 
 12745 3579220200000000 
 12753 3283227300000000 
 12761 2663164000000000 
 12769 2353591600000000 
 12777 2159940100000000 
 12785 2108932700000000 
 12793 2207619300000000 
 12801 2465981800000000 
 12809 2861530800000000 
 12817 3389068400000000 
 12825 3352569200000000 
 12833 2872541600000000 
 12841 2644126600000000 
 12849 2499899300000000 
 12857 2601069200000000 
 12865 2986589400000000 
 12873 3592715400000000 
 12881 3831427900000000 
 12889 4275515800000000 
 12897 4963647700000000 
 12905 5353727800000000 
 12913 4538482400000000 
 12921 2446689700000000 
 12929 1464009600000000 
 12937 1105344000000000 
 12945 1272764600000000 
 12953 1399277400000000 
 12961 1611294500000000 
 12969 2045235800000000 
 12977 2913479300000000 
 12985 3988429700000000 
 12993 4203412000000000 
 13001 3687890000000000 
 13009 2932393200000000 
 13017 2967235200000000 
 13025 3270899500000000 
 13033 3307427900000000 
 13041 3417140800000000 
 13049 3542330900000000 
 13057 3602939200000000 
 13065 3523572600000000 
 13073 3153059700000000 
 13081 2576124300000000 
 13089 2359803900000000 
 13097 2233096800000000 
 13105 2195475500000000 
 13113 2221294400000000 
 13121 2294626900000000 
 13129 2423442700000000 
 13137 2623856600000000 
 13145 2940519500000000 
 13153 3488779100000000 
 13161 3881201300000000 
 13169 4598887000000000 
 13177 5577826800000000 
 13185 6784867600000000 
 13193 7706375100000000 
 13201 7574839200000000 
 13209 6935916900000000 
 13217 6205816500000000 
 13225 6007915500000000 
 13233 6036892200000000 
 13241 6122981100000000 
 13249 6264990100000000 
 13257 6598396700000000 
 13265 7141215900000000 
 13273 7372043800000000 
 13281 6561770000000000 
 13289 4961654000000000 
 13297 3055460100000000 
 13305 2746166100000000 
 13313 3003765300000000 
 13321 3742274400000000 
 13329 4130852900000000 
 13337 4782447800000000 
 13345 6129719000000000 
 13353 7815733800000000 
 13361 8264549500000000 
 13369 7303102500000000 
 13377 5523002900000000 
 13385 4080827600000000 
 13393 3239641700000000 
 13401 2682963500000000 
 13409 2763133000000000 
 13417 2903607900000000 
 13425 3319789900000000 
 13433 3597452700000000 
 13441 3834852200000000 
 13449 3585475300000000 
 13457 2640693200000000 
 13465 2208119400000000 
 13473 2135133400000000 
 13481 2407523500000000 
 13489 2996969000000000 
 13497 3835965000000000 
 13505 4387066700000000 
 13513 5049783700000000 
 13521 5559219700000000 
 13529 5890228200000000 
 13537 6094579900000000 
 13545 6369414800000000 
 13553 6632394600000000 
 13561 6803219100000000 
 13569 6885267600000000 
 13577 6622035700000000 
 13585 6620133900000000 
 13593 6755003100000000 
 13601 7161274100000000 
 13609 7782696200000000 
 13617 8825344500000000 
 13625 10410982000000000 
 13633 12106787000000000 
 13641 13471706000000000 
 13649 14430774000000000 
 13657 14745518000000000 
 13665 14498191000000000 
 13673 14567089000000000 
 13681 14969664000000000 
 13689 15633210000000000 
 13697 16628102000000000 
 13705 18359699000000000 
 13713 20480288000000000 
 13721 22521975000000000 
 13729 23543390000000000 
 13737 23543390000000000 
 13745 23046706000000000 
 13753 23543390000000000 
 13761 23543390000000000 
 13769 23543390000000000 
 13777 23543390000000000 
 13785 23543390000000000 
 13793 23543390000000000 
 13801 23543390000000000 
 13809 23543390000000000 
 13817 23543390000000000 
 13825 23543390000000000 
 13833 23543390000000000 
 13841 23543390000000000 
 13849 23543390000000000 
 13857 23543390000000000 
 13865 23543390000000000 
 13873 23543390000000000 
 13881 23543390000000000 
 13889 23543390000000000 
 13897 23543390000000000 
 13905 23543390000000000 
 13913 23543390000000000 
 13921 23543390000000000 
 13929 23543390000000000 
 13937 23543390000000000 
 13945 23543390000000000 
 13953 23543390000000000 
 13961 23543390000000000 
 13969 23543390000000000 
 13977 23543390000000000 
 13985 23543390000000000 
 13993 23543390000000000 
 14001 23543390000000000 
 14009 23543390000000000 
 14017 23543390000000000 
 14025 23543390000000000 
 14033 23543390000000000 
 14041 23543390000000000 
 14049 23543390000000000 
 14057 23543390000000000 
 14065 23543390000000000 
 14073 23543390000000000 
 14081 23543390000000000 
 14089 23543390000000000 
 14097 23543390000000000 
 14105 23543390000000000 
 14113 23543390000000000 
 14121 23543390000000000 
 14129 23543390000000000 
 14137 23543390000000000 
 14145 23543390000000000 
 14153 23543390000000000 
 14161 23543390000000000 
 14169 23543390000000000 
 14177 23543390000000000 
 14185 23543390000000000 
 14193 23543390000000000 
 14201 23543390000000000 
 14209 23543390000000000 
 14217 23543390000000000 
 14225 23543390000000000 
 14233 23543390000000000 
 14241 23543390000000000 
 14249 23543390000000000 
 14257 23543390000000000 
 14265 23543390000000000 
 14273 23543390000000000 
 14281 23543390000000000 
 14289 23543390000000000 
 14297 23543390000000000 
 14305 23543390000000000 
 14313 23543390000000000 
 14321 23543390000000000 
 14329 23543390000000000 
 14337 23543390000000000 
 14345 23543390000000000 
 14353 23543390000000000 
 14361 23543390000000000 
 14369 23543390000000000 
 14377 23543390000000000 
 14385 23543390000000000 
 14393 23543390000000000 
 14401 23543390000000000 
 14409 23543390000000000 
 14417 23543390000000000 
 14425 23543390000000000 
 14433 23543390000000000 
 14441 23543390000000000 
 14449 23543390000000000 
 14457 23543390000000000 
 14465 23543390000000000 
 14473 23543390000000000 
 14481 23543390000000000 
 14489 23543390000000000 
 14497 23543390000000000 
 14505 23543390000000000 
 14513 23543390000000000 
 14521 23543390000000000 
 14529 23543390000000000 
 14537 23543390000000000 
 14545 23543390000000000 
 14553 23543390000000000 
 14561 23543390000000000 
 14569 23543390000000000 
 14577 23543390000000000 
 14585 23543390000000000 
 14593 23543390000000000 
 14601 23543390000000000 
 14609 23543390000000000 
 14617 23543390000000000 
 14625 23543390000000000 
 14633 23543390000000000 
 14641 23543390000000000 
 14649 23543390000000000 
 14657 23543390000000000 
 14665 23543390000000000 
 14673 23543390000000000 
 14681 23543390000000000 
 14689 23543390000000000 
 14697 23543390000000000 
 14705 23543390000000000 
 14713 23543390000000000 
 14721 23543390000000000 
 14729 23543390000000000 
 14737 23543390000000000 
 14745 23543390000000000 
 14753 23543390000000000 
 14761 23543390000000000 
 14769 23543390000000000 
 14777 23543390000000000 
 14785 23543390000000000 
 14793 23543390000000000 
 14801 23543390000000000 
 14809 23543390000000000 
 14817 23543390000000000 
 14825 23543390000000000 
 14833 23543390000000000 
 14841 23543390000000000 
 14849 23543390000000000 
 14857 23543390000000000 
 14865 23543390000000000 
 14873 23543390000000000 
 14881 23543390000000000 
 14889 23543390000000000 
 14897 23543390000000000 
 14905 23543390000000000 
 14913 23543390000000000 
 14921 23543390000000000 
 14929 23543390000000000 
 14937 23543390000000000 
 14945 23543390000000000 
 14953 23543390000000000 
 14961 23543390000000000 
 14969 23543390000000000 
 14977 23543390000000000 
 14985 23543390000000000 
 14993 23543390000000000 
 15001 23543390000000000 
 15009 23543390000000000 
 15017 23543390000000000 
 15025 23543390000000000 
 15033 23543390000000000 
 15041 23543390000000000 
 15049 23543390000000000 
 15057 23543390000000000 
 15065 23543390000000000 
 15073 23543390000000000 
 15081 23543390000000000 
 15089 23543390000000000 
 15097 23543390000000000 
 15105 23543390000000000 
 15113 23543390000000000 
 15121 23543390000000000 
 15129 23543390000000000 
 15137 23543390000000000 
 15145 23543390000000000 
 15153 23543390000000000 
 15161 23543390000000000 
 15169 23543390000000000 
 15177 23543390000000000 
 15185 23543390000000000 
 15193 23543390000000000 
 15201 23543390000000000 
 15209 23543390000000000 
 15217 23543390000000000 
 15225 23543390000000000 
 15233 23543390000000000 
 15241 23543390000000000 
 15249 23543390000000000 
 15257 23543390000000000 
 15265 23543390000000000 
 15273 23543390000000000 
 15281 23543390000000000 
 15289 23543390000000000 
 15297 23543390000000000 
 15305 23543390000000000 
 15313 23543390000000000 
 15321 23543390000000000 
 15329 23543390000000000 
 15337 23543390000000000 
 15345 23543390000000000 
 15353 23543390000000000 
 15361 23543390000000000 
 15369 23543390000000000 
 15377 23543390000000000 
 15385 23543390000000000 
 15393 23543390000000000 
 15401 23543390000000000 
 15409 23543390000000000 
 15417 23543390000000000 
 15425 23543390000000000 
 15433 23543390000000000 
 15441 23543390000000000 
 15449 23543390000000000 
 15457 23543390000000000 
 15465 23543390000000000 
 15473 23543390000000000 
 15481 23543390000000000 
 15489 23543390000000000 
 15497 23543390000000000 
 15505 23543390000000000 
 15513 23543390000000000 
 15521 23543390000000000 
 15529 23543390000000000 
 15537 23543390000000000 
 15545 23543390000000000 
 15553 23543390000000000 
 15561 23543390000000000 
 15569 23543390000000000 
 15577 23543390000000000 
 15585 23543390000000000 
 15593 23543390000000000 
 15601 23543390000000000 
 15609 23543390000000000 
 15617 23543390000000000 
 15625 23543390000000000 
 15633 23543390000000000 
 15641 23543390000000000 
 15649 23543390000000000 
 15657 23543390000000000 
 15665 23543390000000000 
 15673 23543390000000000 
 15681 23543390000000000 
 15689 23543390000000000 
 15697 23543390000000000 
 15705 23543390000000000 
 15713 23543390000000000 
 15721 23543390000000000 
 15729 23543390000000000 
 15737 23543390000000000 
 15745 23543390000000000 
 15753 23543390000000000 
 15761 23543390000000000 
 15769 23543390000000000 
 15777 23543390000000000 
 15785 23543390000000000 
 15793 23543390000000000 
 15801 23543390000000000 
 15809 23543390000000000 
 15817 23543390000000000 
 15825 23543390000000000 
 15833 23543390000000000 
 15841 23543390000000000 
 15849 23543390000000000 
 15857 23543390000000000 
 15865 23543390000000000 
 15873 23543390000000000 
 15881 23543390000000000 
 15889 23543390000000000 
 15897 23543390000000000 
 15905 23543390000000000 
 15913 23543390000000000 
 15921 23543390000000000 
 15929 23543390000000000 
 15937 23543390000000000 
 15945 23543390000000000 
 15953 23543390000000000 
 15961 23543390000000000 
 15969 23543390000000000 
 15977 23543390000000000 
 15985 23543390000000000 
 15993 23543390000000000 
 16001 23543390000000000 
 16009 23543390000000000 
 16017 23543390000000000 
 16025 23543390000000000 
 16033 23543390000000000 
 16041 23543390000000000 
 16049 23543390000000000 
 16057 23543390000000000 
 16065 23543390000000000 
 16073 23543390000000000 
 16081 23543390000000000 
 16089 23543390000000000 
 16097 23543390000000000 
 16105 23543390000000000 
 16113 23543390000000000 
 16121 23543390000000000 
 16129 23543390000000000 
 16137 23543390000000000 
 16145 23543390000000000 
 16153 23543390000000000 
 16161 23543390000000000 
 16169 23543390000000000 
 16177 23543390000000000 
 16185 23543390000000000 
 16193 23543390000000000 
 16201 23543390000000000 
 16209 23543390000000000 
 16217 23543390000000000 
 16225 23543390000000000 
 16233 23543390000000000 
 16241 23543390000000000 
 16249 23543390000000000 
 16257 23543390000000000 
 16265 23543390000000000 
 16273 23543390000000000 
 16281 23543390000000000 
 16289 23543390000000000 
 16297 23543390000000000 
 16305 23543390000000000 
 16313 23543390000000000 
 16321 23543390000000000 
 16329 23543390000000000 
 16337 23543390000000000 
 16345 23543390000000000 
 16353 23543390000000000 
 16361 23543390000000000 
 16369 23543390000000000 
 16377 23543390000000000 
 16385 23543390000000000 
 16393 23543390000000000 
 16401 23543390000000000 
 16409 23543390000000000 
 16417 23543390000000000 
 16425 23543390000000000 
 16433 23543390000000000 
 16441 23543390000000000 
 16449 23543390000000000 
 16457 23543390000000000 
 16465 23543390000000000 
 16473 23543390000000000 
 16481 23543390000000000 
 16489 23543390000000000 
 16497 23543390000000000 
 16505 23543390000000000 
 16513 23543390000000000 
 16521 23543390000000000 
 16529 23543390000000000 
 16537 23543390000000000 
 16545 23543390000000000 
 16553 23543390000000000 
 16561 23543390000000000 
 16569 23543390000000000 
 16577 23543390000000000 
 16585 23543390000000000 
 16593 23543390000000000 
 16601 23543390000000000 
 16609 23543390000000000 
 16617 23543390000000000 
 16625 23543390000000000 
 16633 23543390000000000 
 16641 23543390000000000 
 16649 23543390000000000 
 16657 23543390000000000 
 16665 23543390000000000 
 16673 23543390000000000 
 16681 23543390000000000 
 16689 23543390000000000 
 16697 23543390000000000 
 16705 23543390000000000 
 16713 23543390000000000 
 16721 23543390000000000 
 16729 23543390000000000 
 16737 23543390000000000 
 16745 23543390000000000 
 16753 23543390000000000 
 16761 23543390000000000 
 16769 23543390000000000 
 16777 23543390000000000 
 16785 23543390000000000 
 16793 23543390000000000 
 16801 23543390000000000 
 16809 23543390000000000 
 16817 23543390000000000 
 16825 23543390000000000 
 16833 23543390000000000 
 16841 23543390000000000 
 16849 23543390000000000 
 16857 23543390000000000 
 16865 23543390000000000 
 16873 23543390000000000 
 16881 23543390000000000 
 16889 23543390000000000 
 16897 23543390000000000 
 16905 23543390000000000 
 16913 23543390000000000 
 16921 23543390000000000 
 16929 23543390000000000 
 16937 23543390000000000 
 16945 23543390000000000 
 16953 23543390000000000 
 16961 23543390000000000 
 16969 23543390000000000 
 16977 23543390000000000 
 16985 23543390000000000 
 16993 23543390000000000 
 17001 23543390000000000 
 17009 23543390000000000 
 17017 23543390000000000 
 17025 23543390000000000 
 17033 23543390000000000 
 17041 23543390000000000 
 17049 23543390000000000 
 17057 23543390000000000 
 17065 23543390000000000 
 17073 23543390000000000 
 17081 23543390000000000 
 17089 23543390000000000 
 17097 23543390000000000 
 17105 23543390000000000 
 17113 23543390000000000 
 17121 23543390000000000 
 17129 23543390000000000 
 17137 23543390000000000 
 17145 23543390000000000 
 17153 23543390000000000 
 17161 23543390000000000 
 17169 23543390000000000 
 17177 23543390000000000 
 17185 23543390000000000 
 17193 23543390000000000 
 17201 23543390000000000 
 17209 23543390000000000 
 17217 23543390000000000 
 17225 23543390000000000 
 17233 23543390000000000 
 17241 23543390000000000 
 17249 23543390000000000 
 17257 23543390000000000 
 17265 23543390000000000 
 17273 23543390000000000 
 17281 23543390000000000 
 17289 23543390000000000 
 17297 23543390000000000 
 17305 23543390000000000 
 17313 23543390000000000 
 17321 23543390000000000 
 17329 23543390000000000 
 17337 23543390000000000 
 17345 23543390000000000 
 17353 23543390000000000 
 17361 23543390000000000 
 17369 23543390000000000 
 17377 23543390000000000 
 17385 23543390000000000 
 17393 23543390000000000 
 17401 23543390000000000 
 17409 23543390000000000 
 17417 23543390000000000 
 17425 23543390000000000 
 17433 23543390000000000 
 17441 23543390000000000 
 17449 23543390000000000 
 17457 23543390000000000 
 17465 23543390000000000 
 17473 23543390000000000 
 17481 23543390000000000 
 17489 23543390000000000 
 17497 23543390000000000 
 17505 23543390000000000 
 17513 23543390000000000 
 17521 23543390000000000 
 17529 23543390000000000 
 17537 23543390000000000 
 17545 23543390000000000 
 17553 23543390000000000 
 17561 23543390000000000 
 17569 23543390000000000 
 17577 23543390000000000 
 17585 23543390000000000 
 17593 23543390000000000 
 17601 23543390000000000 
 17609 23543390000000000 
 17617 23543390000000000 
 17625 23543390000000000 
 17633 23543390000000000 
 17641 23543390000000000 
 17649 23543390000000000 
 17657 23543390000000000 
 17665 23543390000000000 
 17673 23543390000000000 
 17681 23543390000000000 
 17689 23543390000000000 
 17697 23543390000000000 
 17705 23543390000000000 
 17713 23543390000000000 
 17721 23543390000000000 
 17729 23543390000000000 
 17737 23543390000000000 
 17745 23543390000000000 
 17753 23543390000000000 
 17761 23543390000000000 
 17769 23543390000000000 
 17777 23543390000000000 
 17785 23543390000000000 
 17793 23543390000000000 
 17801 23543390000000000 
 17809 23543390000000000 
 17817 23543390000000000 
 17825 23543390000000000 
 17833 23543390000000000 
 17841 23543390000000000 
 17849 23543390000000000 
 17857 23543390000000000 
 17865 23543390000000000 
 17873 23543390000000000 
 17881 23543390000000000 
 17889 23543390000000000 
 17897 23543390000000000 
 17905 23543390000000000 
 17913 23543390000000000 
 17921 23543390000000000 
 17929 23543390000000000 
 17937 23543390000000000 
 17945 23543390000000000 
 17953 23543390000000000 
 17961 23543390000000000 
 17969 23543390000000000 
 17977 23543390000000000 
 17985 23543390000000000 
 17993 23543390000000000 
 18001 23543390000000000 
 18009 23543390000000000 
 18017 23543390000000000 
 18025 23543390000000000 
 18033 23543390000000000 
 18041 23543390000000000 
 18049 23543390000000000 
 18057 23543390000000000 
 18065 23543390000000000 
 18073 23543390000000000 
 18081 23543390000000000 
 18089 23543390000000000 
 18097 23543390000000000 
 18105 23543390000000000 
 18113 23543390000000000 
 18121 23543390000000000 
 18129 23543390000000000 
 18137 23543390000000000 
 18145 23543390000000000 
 18153 23543390000000000 
 18161 23543390000000000 
 18169 23543390000000000 
 18177 23543390000000000 
 18185 23543390000000000 
 18193 23543390000000000 
 18201 23543390000000000 
 18209 23543390000000000 
 18217 23543390000000000 
 18225 23543390000000000 
 18233 23543390000000000 
 18241 23543390000000000 
 18249 23543390000000000 
 18257 23543390000000000 
 18265 23543390000000000 
 18273 23543390000000000 
 18281 23543390000000000 
 18289 23543390000000000 
 18297 23543390000000000 
 18305 23543390000000000 
 18313 23543390000000000 
 18321 23543390000000000 
 18329 23543390000000000 
 18337 23543390000000000 
 18345 23543390000000000 
 18353 23543390000000000 
 18361 23543390000000000 
 18369 23543390000000000 
 18377 23543390000000000 
 18385 23543390000000000 
 18393 23543390000000000 
 18401 23543390000000000 
 18409 23543390000000000 
 18417 23543390000000000 
 18425 23543390000000000 
 18433 23543390000000000 
 18441 23543390000000000 
 18449 23543390000000000 
 18457 23543390000000000 
 18465 23543390000000000 
 18473 23543390000000000 
 18481 23543390000000000 
 18489 23543390000000000 
 18497 23543390000000000 
 18505 23543390000000000 
 18513 23543390000000000 
 18521 23543390000000000 
 18529 23543390000000000 
 18537 23543390000000000 
 18545 23543390000000000 
 18553 23543390000000000 
 18561 23543390000000000 
 18569 23543390000000000 
 18577 23543390000000000 
 18585 23543390000000000 
 18593 23543390000000000 
 18601 23543390000000000 
 18609 23543390000000000 
 18617 23543390000000000 
 18625 23543390000000000 
 18633 23543390000000000 
 18641 23543390000000000 
 18649 23543390000000000 
 18657 23543390000000000 
 18665 23543390000000000 
 18673 23543390000000000 
 18681 23543390000000000 
 18689 23543390000000000 
 18697 23543390000000000 
 18705 23543390000000000 
 18713 23543390000000000 
 18721 23543390000000000 
 18729 23543390000000000 
 18737 23543390000000000 
 18745 23543390000000000 
 18753 23543390000000000 
 18761 23543390000000000 
 18769 23543390000000000 
 18777 23543390000000000 
 18785 23543390000000000 
 18793 23543390000000000 
 18801 23543390000000000 
 18809 23543390000000000 
 18817 23543390000000000 
 18825 23543390000000000 
 18833 23543390000000000 
 18841 23543390000000000 
 18849 23543390000000000 
 18857 23543390000000000 
 18865 23543390000000000 
 18873 23543390000000000 
 18881 23543390000000000 
 18889 23543390000000000 
 18897 23543390000000000 
 18905 23543390000000000 
 18913 23543390000000000 
 18921 23543390000000000 
 18929 23543390000000000 
 18937 23543390000000000 
 18945 23543390000000000 
 18953 23543390000000000 
 18961 23543390000000000 
 18969 23543390000000000 
 18977 23543390000000000 
 18985 23543390000000000 
 18993 23543390000000000 
 19001 23543390000000000 
 19009 23543390000000000 
 19017 23543390000000000 
 19025 23543390000000000 
 19033 23543390000000000 
 19041 23543390000000000 
 19049 23543390000000000 
 19057 23543390000000000 
 19065 23543390000000000 
 19073 23543390000000000 
 19081 23543390000000000 
 19089 23543390000000000 
 19097 23543390000000000 
 19105 23543390000000000 
 19113 23543390000000000 
 19121 23543390000000000 
 19129 23543390000000000 
 19137 23543390000000000 
 19145 23543390000000000 
 19153 23543390000000000 
 19161 23543390000000000 
 19169 23543390000000000 
 19177 23543390000000000 
 19185 23543390000000000 
 19193 23543390000000000 
 19201 23543390000000000 
 19209 23543390000000000 
 19217 23543390000000000 
 19225 23543390000000000 
 19233 23543390000000000 
 19241 23543390000000000 
 19249 23543390000000000 
 19257 23543390000000000 
 19265 23543390000000000 
 19273 23543390000000000 
 19281 23543390000000000 
 19289 23543390000000000 
 19297 23543390000000000 
 19305 23543390000000000 
 19313 23543390000000000 
 19321 23543390000000000 
 19329 23543390000000000 
 19337 23543390000000000 
 19345 23543390000000000 
 19353 23543390000000000 
 19361 23543390000000000 
 19369 23543390000000000 
 19377 23543390000000000 
 19385 23543390000000000 
 19393 23543390000000000 
 19401 23543390000000000 
 19409 23543390000000000 
 19417 23543390000000000 
 19425 23543390000000000 
 19433 23543390000000000 
 19441 23543390000000000 
 19449 23543390000000000 
 19457 23543390000000000 
 19465 23543390000000000 
 19473 23543390000000000 
 19481 23543390000000000 
 19489 23543390000000000 
 19497 23543390000000000 
 19505 23543390000000000 
 19513 23543390000000000 
 19521 23543390000000000 
 19529 23543390000000000 
 19537 23543390000000000 
 19545 23543390000000000 
 19553 23543390000000000 
 19561 23543390000000000 
 19569 23543390000000000 
 19577 23543390000000000 
 19585 23543390000000000 
 19593 23543390000000000 
 19601 23543390000000000 
 19609 23543390000000000 
 19617 23543390000000000 
 19625 23543390000000000 
 19633 23543390000000000 
 19641 23543390000000000 
 19649 23543390000000000 
 19657 23543390000000000 
 19665 23543390000000000 
 19673 23543390000000000 
 19681 23543390000000000 
 19689 23543390000000000 
 19697 23543390000000000 
 19705 23543390000000000 
 19713 23543390000000000 
 19721 23543390000000000 
 19729 23543390000000000 
 19737 23543390000000000 
 19745 23543390000000000 
 19753 23543390000000000 
 19761 23543390000000000 
 19769 23543390000000000 
 19777 23543390000000000 
 19785 23543390000000000 
 19793 23543390000000000 
 19801 23543390000000000 
 19809 23543390000000000 
 19817 23543390000000000 
 19825 23543390000000000 
 19833 23543390000000000 
 19841 23543390000000000 
 19849 23543390000000000 
 19857 23543390000000000 
 19865 23543390000000000 
 19873 23543390000000000 
 19881 23543390000000000 
 19889 23543390000000000 
 19897 23543390000000000 
 19905 23543390000000000 
 19913 23543390000000000 
 19921 23543390000000000 
 19929 23543390000000000 
 19937 23543390000000000 
 19945 23543390000000000 
 19953 23543390000000000 
 19961 23543390000000000 
 19969 23543390000000000 
 19977 23543390000000000 
 19985 23543390000000000 
 19993 23543390000000000 
