  8001 176540000000 
  8005 36069266000 
  8009 488657910000 
  8013 497921990000 
  8017 556657560000 
  8021 641666700000 
  8025 747666640000 
  8029 842782270000 
  8033 942678390000 
  8037 1060382400000 
  8041 1130156200000 
  8045 1211640000000 
  8049 1303991700000 
  8053 1401838100000 
  8057 1521045200000 
  8061 1623723600000 
  8065 1722846100000 
  8069 1784569500000 
  8073 1829878600000 
  8077 1847516400000 
  8081 1850409100000 
  8085 1851501700000 
  8089 1846082600000 
  8093 1848981700000 
  8097 1833673100000 
  8101 1824997600000 
  8105 1810002400000 
  8109 1795159800000 
  8113 1791697900000 
  8117 1783468300000 
  8121 1791856100000 
  8125 1796693900000 
  8129 1795188200000 
  8133 1806667200000 
  8137 1798518200000 
  8141 1792072400000 
  8145 1774356100000 
  8149 1755052200000 
  8153 1729193800000 
  8157 1687256000000 
  8161 1630817700000 
  8165 1542664200000 
  8169 1421117100000 
  8173 1237217200000 
  8177 1037106200000 
  8181 870374300000 
  8185 785266720000 
  8189 746330510000 
  8193 721804180000 
  8197 713690650000 
  8201 726674670000 
  8205 782201930000 
  8209 898058200000 
  8213 1085157000000 
  8217 1250921900000 
  8221 1460792500000 
  8225 1687281600000 
  8229 1945777700000 
  8233 2296243300000 
  8237 2412260200000 
  8241 2617064400000 
  8245 2872853400000 
  8249 3080147400000 
  8253 3125404600000 
  8257 3049167600000 
  8261 2797874900000 
  8265 2313656400000 
  8269 1706052700000 
  8273 1339353200000 
  8277 1079628300000 
  8281 885175760000 
  8285 790441700000 
  8289 746318980000 
  8293 730223580000 
  8297 751548640000 
  8301 794178190000 
  8305 838613390000 
  8309 886299480000 
  8313 943986870000 
  8317 1000044100000 
  8321 1021529000000 
  8325 1029720700000 
  8329 1057975700000 
  8333 1077676500000 
  8337 1101811000000 
  8341 1093617500000 
  8345 1065643500000 
  8349 1004764200000 
  8353 904400890000 
  8357 828660830000 
  8361 779291400000 
  8365 751467600000 
  8369 743238010000 
  8373 751314410000 
  8377 779117720000 
  8381 870373550000 
  8385 1041834900000 
  8389 1205393900000 
  8393 1408474100000 
  8397 1634814800000 
  8401 1852346900000 
  8405 2131513900000 
  8409 2206108800000 
  8413 2321806700000 
  8417 2454567500000 
  8421 2576633200000 
  8425 2674882800000 
  8429 2630079700000 
  8433 2464984700000 
  8437 2135624600000 
  8441 1658908000000 
  8445 1368346700000 
  8449 1151882000000 
  8453 940875420000 
  8457 808323800000 
  8461 747986380000 
  8465 730067520000 
  8469 716942720000 
  8473 726845390000 
  8477 762751670000 
  8481 821809500000 
  8485 869314190000 
  8489 935173610000 
  8493 986211020000 
  8497 1066384100000 
  8501 1098875400000 
  8505 1129539400000 
  8509 1168865400000 
  8513 1209745200000 
  8517 1253990000000 
  8521 1273478500000 
  8525 1280036700000 
  8529 1273318600000 
  8533 1276224100000 
  8537 1269270900000 
  8541 1241247700000 
  8545 1214735900000 
  8549 1193477900000 
  8553 1201225100000 
  8557 1223551300000 
  8561 1263360300000 
  8565 1301662100000 
  8569 1385899500000 
  8573 1525490800000 
  8577 1660715900000 
  8581 1806807000000 
  8585 1929581400000 
  8589 2051922100000 
  8593 2010603700000 
  8597 1998607800000 
  8601 2116449300000 
  8605 2065507900000 
  8609 1952234400000 
  8613 1940940900000 
  8617 1849498800000 
  8621 1710793000000 
  8625 1451103200000 
  8629 1144940700000 
  8633 846422940000 
  8637 671073900000 
  8641 587532140000 
  8645 539761570000 
  8649 503871320000 
  8653 492420440000 
  8657 495707780000 
  8661 544733440000 
  8665 672647120000 
  8669 805011660000 
  8673 954485370000 
  8677 1126800300000 
  8681 1273147600000 
  8685 1455619100000 
  8689 1667129700000 
  8693 1914467400000 
  8697 2244554500000 
  8701 2308179700000 
  8705 2315733300000 
  8709 2224319500000 
  8713 1953672800000 
  8717 1711250200000 
  8721 1435243600000 
  8725 1217218800000 
  8729 1033852600000 
  8733 935918610000 
  8737 886919980000 
  8741 873831020000 
  8745 883550500000 
  8749 947434860000 
  8753 1044074800000 
  8757 1058779200000 
  8761 1080027100000 
  8765 1101276700000 
  8769 1142107000000 
  8773 1189957300000 
  8777 1231389300000 
  8781 1269426800000 
  8785 1285916000000 
  8789 1287550800000 
  8793 1259742700000 
  8797 1207185700000 
  8801 1064420100000 
  8805 915417050000 
  8809 820052230000 
  8813 762816780000 
  8817 726802470000 
  8821 708886850000 
  8825 705762060000 
  8829 741538760000 
  8833 832519970000 
  8837 978128260000 
  8841 1174904300000 
  8845 1336973100000 
  8849 1545268900000 
  8853 1753667700000 
  8857 1997321300000 
  8861 2306672500000 
  8865 2376621700000 
  8869 2516233900000 
  8873 2648143700000 
  8877 2709323700000 
  8881 2706341500000 
  8885 2634806700000 
  8889 2453774400000 
  8893 2153798700000 
  8897 1834819300000 
  8901 1657513500000 
  8905 1504960600000 
  8909 1394968400000 
  8913 1285323700000 
  8917 1226302700000 
  8921 1187062000000 
  8925 1146395800000 
  8929 1115783900000 
  8933 1100977700000 
  8937 1109125800000 
  8941 1112398800000 
  8945 1115703500000 
  8949 1122288500000 
  8953 1128959500000 
  8957 1138841800000 
  8961 1156941400000 
  8965 1166808300000 
  8969 1178392900000 
  8973 1186645200000 
  8977 1191611800000 
  8981 1191611800000 
  8985 1193168800000 
  8989 1201291700000 
  8993 1207541500000 
  8997 1217115300000 
  9001 1226819400000 
  9005 1255554500000 
  9009 1281319800000 
  9013 1318323900000 
  9017 1379565200000 
  9021 1465120900000 
  9025 1601699200000 
  9029 1764182500000 
  9033 1985141400000 
  9037 2238103900000 
  9041 2300749900000 
  9045 2389296400000 
  9049 2476415400000 
  9053 2530727800000 
  9057 2593474900000 
  9061 2641431700000 
  9065 2650095400000 
  9069 2592407700000 
  9073 2419036200000 
  9077 2118608200000 
  9081 1675647500000 
  9085 1378000800000 
  9089 1122487500000 
  9093 901131540000 
  9097 765643180000 
  9101 692287710000 
  9105 652627410000 
  9109 637935660000 
  9113 637973780000 
  9117 673909370000 
  9121 765782120000 
  9125 854302750000 
  9129 973714910000 
  9133 1096661900000 
  9137 1182609500000 
  9141 1321160300000 
  9145 1470358100000 
  9149 1642868800000 
  9153 1800836300000 
  9157 1892247200000 
  9161 1914913700000 
  9165 1911250400000 
  9169 1867066500000 
  9173 1799705700000 
  9177 1722343300000 
  9181 1653233000000 
  9185 1616595700000 
  9189 1604606400000 
  9193 1615383300000 
  9197 1655416400000 
  9201 1744895900000 
  9205 1837564400000 
  9209 1959417900000 
  9213 2086709000000 
  9217 2054904200000 
  9221 2047417200000 
  9225 2038297800000 
  9229 2004950300000 
  9233 2088180600000 
  9237 1984473700000 
  9241 1955214000000 
  9245 1893077700000 
  9249 1784886400000 
  9253 1657157000000 
  9257 1542505200000 
  9261 1414966600000 
  9265 1310128300000 
  9269 1246462000000 
  9273 1210841100000 
  9277 1180319000000 
  9281 1177106700000 
  9285 1195110700000 
  9289 1226093800000 
  9293 1268117400000 
  9297 1337036100000 
  9301 1420184000000 
  9305 1480463100000 
  9309 1544053000000 
  9313 1604424500000 
  9317 1651514100000 
  9321 1685533200000 
  9325 1714681600000 
  9329 1758217600000 
  9333 1796849800000 
  9337 1848636000000 
  9341 1898738100000 
  9345 1967109700000 
  9349 2061715200000 
  9353 2034315500000 
  9357 2041318600000 
  9361 2043796400000 
  9365 2034644100000 
  9369 2023388400000 
  9373 1991347900000 
  9377 2071158600000 
  9381 1978554800000 
  9385 1978593400000 
  9389 1950624700000 
  9393 1871828300000 
  9397 1786599300000 
  9401 1686568000000 
  9405 1606345900000 
  9409 1524373500000 
  9413 1467169000000 
  9417 1426365100000 
  9421 1400349300000 
  9425 1382359400000 
  9429 1393869400000 
  9433 1428302800000 
  9437 1492378300000 
  9441 1541756500000 
  9445 1611946000000 
  9449 1674506300000 
  9453 1733596000000 
  9457 1751622400000 
  9461 1748450200000 
  9465 1743315800000 
  9469 1731663200000 
  9473 1726667200000 
  9477 1710264300000 
  9481 1691836100000 
  9485 1698150500000 
  9489 1717220700000 
  9493 1778422300000 
  9497 1864253300000 
  9501 1994388000000 
  9505 2190232300000 
  9509 2191169300000 
  9513 2242199000000 
  9517 2289856500000 
  9521 2321278400000 
  9525 2341323900000 
  9529 2341861100000 
  9533 2311141800000 
  9537 2214729500000 
  9541 2071894100000 
  9545 1818998500000 
  9549 1656759600000 
  9553 1515794600000 
  9557 1374922100000 
  9561 1250501600000 
  9565 1143160700000 
  9569 1064724500000 
  9573 1017195700000 
  9577 1007320600000 
  9581 999161490000 
  9585 1068350000000 
  9589 1083199400000 
  9593 1102452600000 
  9597 1139628600000 
  9601 1177153500000 
  9605 1246944400000 
  9609 1310699200000 
  9613 1395078400000 
  9617 1458327800000 
  9621 1531451300000 
  9625 1630559400000 
  9629 1724770700000 
  9633 1852712800000 
  9637 2023294200000 
  9641 2056256200000 
  9645 2096070400000 
  9649 2158159600000 
  9653 2220156200000 
  9657 2264366700000 
  9661 2281060700000 
  9665 2273034700000 
  9669 2261782400000 
  9673 2232670100000 
  9677 2167900900000 
  9681 2032749400000 
  9685 1879694600000 
  9689 1818249100000 
  9693 1767155800000 
  9697 1709796300000 
  9701 1670301800000 
  9705 1639276000000 
  9709 1624590100000 
  9713 1634338600000 
  9717 1647462500000 
  9721 1667067800000 
  9725 1698363100000 
  9729 1714903100000 
  9733 1754406500000 
  9737 1784211300000 
  9741 1799105800000 
  9745 1773203400000 
  9749 1717821600000 
  9753 1614141100000 
  9757 1443006900000 
  9761 1257201800000 
  9765 1065469200000 
  9769 941249650000 
  9773 879130970000 
  9777 851489660000 
  9781 866146200000 
  9785 933203130000 
  9789 1060469000000 
  9793 1177171900000 
  9797 1331735200000 
  9801 1532089600000 
  9805 1722983500000 
  9809 1971377800000 
  9813 2282958900000 
  9817 2374431900000 
  9821 2536060200000 
  9825 2726012700000 
  9829 2823420800000 
  9833 2770129700000 
  9837 2605823900000 
  9841 2235976700000 
  9845 1800346900000 
  9849 1521712100000 
  9853 1315186200000 
  9857 1168128600000 
  9861 1065295200000 
  9865 994570480000 
  9869 1010925900000 
  9873 1020180300000 
  9877 1067044100000 
  9881 1107706500000 
  9885 1133717800000 
  9889 1169852800000 
  9893 1248495300000 
  9897 1315737000000 
  9901 1367005100000 
  9905 1421408200000 
  9909 1464383700000 
  9913 1470886600000 
  9917 1454414700000 
  9921 1401834700000 
  9925 1297115100000 
  9929 1149793500000 
  9933 1023852600000 
  9937 935698420000 
  9941 892903670000 
  9945 874925710000 
  9949 905531470000 
  9953 1000126000000 
  9957 1094134700000 
  9961 1212633000000 
  9965 1390955600000 
  9969 1628536500000 
  9973 1822543500000 
  9977 2092914000000 
  9981 2155839100000 
  9985 2260857000000 
  9989 2346231000000 
  9993 2416940500000 
  9997 2446710900000 
 10001 2433885800000 
 10005 2389795600000 
 10009 2282728700000 
 10013 2110277500000 
 10017 1871475800000 
 10021 1752911700000 
 10025 1641309800000 
 10029 1554136500000 
 10033 1467091500000 
 10037 1398110800000 
 10041 1345756600000 
 10045 1285147700000 
 10049 1258961200000 
 10053 1247421300000 
 10057 1227988600000 
 10061 1229574600000 
 10065 1244298600000 
 10069 1273606400000 
 10073 1336853800000 
 10077 1442822900000 
 10081 1569602000000 
 10085 1706661800000 
 10089 1861915400000 
 10093 2047526300000 
 10097 2053169200000 
 10101 2112568500000 
 10105 2134480500000 
 10109 2125639500000 
 10113 2092395600000 
 10117 1983024800000 
 10121 1947082400000 
 10125 1843664700000 
 10129 1728677700000 
 10133 1571335700000 
 10137 1460075100000 
 10141 1356653800000 
 10145 1292927100000 
 10149 1263241300000 
 10153 1267831700000 
 10157 1307991200000 
 10161 1373005200000 
 10165 1441801300000 
 10169 1520307900000 
 10173 1617299200000 
 10177 1696049700000 
 10181 1790033400000 
 10185 1882101000000 
 10189 1984309800000 
 10193 2041740400000 
 10197 1857197800000 
 10201 1723271800000 
 10205 1482627600000 
 10209 1174826300000 
 10213 894932120000 
 10217 728133700000 
 10221 641504630000 
 10225 620482920000 
 10229 612181090000 
 10233 623604860000 
 10237 684251330000 
 10241 795384320000 
 10245 963817080000 
 10249 1122708700000 
 10253 1196109300000 
 10257 1346133500000 
 10261 1526577600000 
 10265 1718356800000 
 10269 1957706400000 
 10273 2294440200000 
 10277 2355201400000 
 10281 2367573900000 
 10285 2274481400000 
 10289 2044869900000 
 10293 1665799600000 
 10297 1437083500000 
 10301 1264709900000 
 10305 1133944900000 
 10309 1060334300000 
 10313 1014226800000 
 10317 1018968800000 
 10321 1056017700000 
 10325 1136836000000 
 10329 1236986400000 
 10333 1321656900000 
 10337 1406834700000 
 10341 1521011000000 
 10345 1622489200000 
 10349 1714184600000 
 10353 1799766500000 
 10357 1863607300000 
 10361 1898003000000 
 10365 1899619400000 
 10369 1833981600000 
 10373 1718123200000 
 10377 1495797200000 
 10381 1285230000000 
 10385 1072088000000 
 10389 929711760000 
 10393 877477700000 
 10397 843174560000 
 10401 851476370000 
 10405 905211650000 
 10409 1001497000000 
 10413 1094116700000 
 10417 1207575600000 
 10421 1383074500000 
 10425 1592874800000 
 10429 1798210900000 
 10433 2063438700000 
 10437 2141022400000 
 10441 2245837000000 
 10445 2347071500000 
 10449 2435578300000 
 10453 2478291700000 
 10457 2494645300000 
 10461 2489720500000 
 10465 2481495600000 
 10469 2463472400000 
 10473 2417541200000 
 10477 2366652700000 
 10481 2301124900000 
 10485 2224267000000 
 10489 2085710800000 
 10493 1960483300000 
 10497 1923674300000 
 10501 1867656600000 
 10505 1818430900000 
 10509 1774269900000 
 10513 1729946700000 
 10517 1698753200000 
 10521 1675886700000 
 10525 1657984700000 
 10529 1661332800000 
 10533 1682678700000 
 10537 1708798500000 
 10541 1751241800000 
 10545 1793954600000 
 10549 1884031300000 
 10553 1952994700000 
 10557 2019836300000 
 10561 1962385100000 
 10565 1977453500000 
 10569 1951268800000 
 10573 1915098000000 
 10577 1822143000000 
 10581 1671493200000 
 10585 1531267900000 
 10589 1405790700000 
 10593 1306330100000 
 10597 1245932100000 
 10601 1236187800000 
 10605 1243897000000 
 10609 1305539000000 
 10613 1439187900000 
 10617 1600547000000 
 10621 1762226400000 
 10625 1949976300000 
 10629 2213194300000 
 10633 2264784000000 
 10637 2349199900000 
 10641 2436969500000 
 10645 2501877900000 
 10649 2455536500000 
 10653 2293958300000 
 10657 2013138800000 
 10661 1604105000000 
 10665 1373006000000 
 10669 1213962700000 
 10673 1068536200000 
 10677 978550590000 
 10681 958566870000 
 10685 994265370000 
 10689 1080166600000 
 10693 1123885100000 
 10697 1198145800000 
 10701 1272840900000 
 10705 1369531700000 
 10709 1492053200000 
 10713 1617927200000 
 10717 1732370800000 
 10721 1845222900000 
 10725 1936238300000 
 10729 1955831300000 
 10733 1937784800000 
 10737 1889976000000 
 10741 1764020500000 
 10745 1615032000000 
 10749 1495750600000 
 10753 1412339600000 
 10757 1354919300000 
 10761 1334891100000 
 10765 1342500500000 
 10769 1400759300000 
 10773 1537483900000 
 10777 1716540600000 
 10781 1907064700000 
 10785 2145110500000 
 10789 2193261600000 
 10793 2286633500000 
 10797 2349299300000 
 10801 2395328000000 
 10805 2397539800000 
 10809 2356667900000 
 10813 2269571000000 
 10817 2110423500000 
 10821 1890791500000 
 10825 1778949600000 
 10829 1688743900000 
 10833 1619641000000 
 10837 1581407000000 
 10841 1553063400000 
 10845 1544273900000 
 10849 1557290500000 
 10853 1604460500000 
 10857 1651517100000 
 10861 1702532400000 
 10865 1772598400000 
 10869 1842780600000 
 10873 1894882400000 
 10877 1924516800000 
 10881 1934248600000 
 10885 1934189900000 
 10889 1924377400000 
 10893 1912613800000 
 10897 1887878800000 
 10901 1872943400000 
 10905 1875963700000 
 10909 1895225800000 
 10913 1946820600000 
 10917 2039595100000 
 10921 2033618900000 
 10925 2082975000000 
 10929 2174967600000 
 10933 2255400100000 
 10937 2330990500000 
 10941 2411452600000 
 10945 2457637800000 
 10949 2474022000000 
 10953 2456186600000 
 10957 2412189700000 
 10961 2290677500000 
 10965 2099706800000 
 10969 1849313100000 
 10973 1752432000000 
 10977 1670159800000 
 10981 1612357800000 
 10985 1557821800000 
 10989 1537844900000 
 10993 1532885200000 
 10997 1578382200000 
 11001 1614120200000 
 11005 1671429100000 
 11009 1731781000000 
 11013 1789159600000 
 11017 1862700700000 
 11021 1923007900000 
 11025 1941209400000 
 11029 1934609400000 
 11033 1914995300000 
 11037 1882238900000 
 11041 1824995300000 
 11045 1762640100000 
 11049 1705124000000 
 11053 1680439900000 
 11057 1662427000000 
 11061 1670270800000 
 11065 1723728700000 
 11069 1826725100000 
 11073 1948861100000 
 11077 2138225400000 
 11081 2168266600000 
 11085 2228990900000 
 11089 2307734600000 
 11093 2365199800000 
 11097 2394943200000 
 11101 2391635600000 
 11105 2375453900000 
 11109 2331459900000 
 11113 2277724300000 
 11117 2215567500000 
 11121 2136705800000 
 11125 2079609500000 
 11129 2036973200000 
 11133 2007707500000 
 11137 1999833600000 
 11141 2167420000000 
 11145 2133518700000 
 11149 2138731900000 
 11153 2142399800000 
 11157 2128089100000 
 11161 2089785200000 
 11165 2000955500000 
 11169 1989425800000 
 11173 1907668800000 
 11177 1771630900000 
 11181 1604504100000 
 11185 1445914100000 
 11189 1285708000000 
 11193 1183200200000 
 11197 1088918100000 
 11201 1051350300000 
 11205 1053095300000 
 11209 1090722600000 
 11213 1159250500000 
 11217 1250378900000 
 11221 1407295100000 
 11225 1596533700000 
 11229 1799370200000 
 11233 2058898500000 
 11237 2114990600000 
 11241 2163658200000 
 11245 2178905000000 
 11249 2105476300000 
 11253 1980572800000 
 11257 1919127800000 
 11261 1804006100000 
 11265 1712100400000 
 11269 1628540000000 
 11273 1577218100000 
 11277 1576123600000 
 11281 1589931400000 
 11285 1690355200000 
 11289 1813751400000 
 11293 1944125800000 
 11297 2052290000000 
 11301 2043170600000 
 11305 2057076400000 
 11309 2071439200000 
 11313 2076554700000 
 11317 2057175400000 
 11321 2017608900000 
 11325 1902164600000 
 11329 1817048300000 
 11333 1636796300000 
 11337 1379079200000 
 11341 1115294900000 
 11345 907622170000 
 11349 793336700000 
 11353 742938760000 
 11357 726797320000 
 11361 733265470000 
 11365 795158660000 
 11369 914183250000 
 11373 1083633400000 
 11377 1205546900000 
 11381 1335633900000 
 11385 1534514000000 
 11389 1728661000000 
 11393 1967374100000 
 11397 2290805800000 
 11401 2333109300000 
 11405 2402547200000 
 11409 2417850400000 
 11413 2335653800000 
 11417 2159655800000 
 11421 1883117900000 
 11425 1720412000000 
 11429 1567714600000 
 11433 1475886300000 
 11437 1409743300000 
 11441 1385956500000 
 11445 1386705500000 
 11449 1421610400000 
 11453 1505839900000 
 11457 1638973000000 
 11461 1770801900000 
 11465 1897419000000 
 11469 2072081500000 
 11473 2074196800000 
 11477 2089537300000 
 11481 2112939300000 
 11485 2123025100000 
 11489 2097959500000 
 11493 2055934500000 
 11497 1969297700000 
 11501 1971883300000 
 11505 1936993500000 
 11509 1908824400000 
 11513 1852512800000 
 11517 1806321200000 
 11521 1781483200000 
 11525 1756495900000 
 11529 1748171200000 
 11533 1746020300000 
 11537 1742640500000 
 11541 1744074300000 
 11545 1758321500000 
 11549 1777734500000 
 11553 1793911300000 
 11557 1826370700000 
 11561 1880041800000 
 11565 1951573000000 
 11569 2060455200000 
 11573 2049724400000 
 11577 2105738600000 
 11581 2194386900000 
 11585 2294546700000 
 11589 2433589200000 
 11593 2593208500000 
 11597 2773998700000 
 11601 2954442100000 
 11605 3129323500000 
 11609 3181433400000 
 11613 3119281200000 
 11617 2948602100000 
 11621 2605133600000 
 11625 2095782400000 
 11629 1537686800000 
 11633 1252245200000 
 11637 1061134000000 
 11641 935198320000 
 11645 882703340000 
 11649 877729230000 
 11653 933711510000 
 11657 1020781400000 
 11661 1039993800000 
 11665 1064735100000 
 11669 1112140400000 
 11673 1203911000000 
 11677 1317130300000 
 11681 1419772100000 
 11685 1518464300000 
 11689 1646593300000 
 11693 1711735300000 
 11697 1675694900000 
 11701 1545917500000 
 11705 1315624600000 
 11709 1088155000000 
 11713 948609980000 
 11717 902660130000 
 11721 901259810000 
 11725 947482930000 
 11729 1032937600000 
 11733 1114340000000 
 11737 1297177600000 
 11741 1529363800000 
 11745 1707202500000 
 11749 1919910700000 
 11753 2109046900000 
 11757 2139384800000 
 11761 2200019100000 
 11765 2327526200000 
 11769 2466291600000 
 11773 2527113600000 
 11777 2432379700000 
 11781 2144968500000 
 11785 1588580700000 
 11789 1188903600000 
 11793 875577670000 
 11797 693368150000 
 11801 613518640000 
 11805 571106190000 
 11809 557885310000 
 11813 569373000000 
 11817 611882360000 
 11821 718183490000 
 11825 844123800000 
 11829 962366550000 
 11833 1095212800000 
 11837 1184489400000 
 11841 1333032300000 
 11845 1470329000000 
 11849 1632145600000 
 11853 1816373000000 
 11857 2024049600000 
 11861 1949977000000 
 11865 1982227400000 
 11869 1947703200000 
 11873 1848677600000 
 11877 1723701500000 
 11881 1616771700000 
 11885 1541192300000 
 11889 1509432200000 
 11893 1505432100000 
 11897 1562804100000 
 11901 1676216400000 
 11905 1856480500000 
 11909 2098755300000 
 11913 2176165000000 
 11917 2303705000000 
 11921 2439594300000 
 11925 2575644900000 
 11929 2721157000000 
 11933 2868800600000 
 11937 3039754300000 
 11941 3140101800000 
 11945 3174273500000 
 11949 3170409600000 
 11953 3150676100000 
 11957 3078128900000 
 11961 2952310500000 
 11965 2804714600000 
 11969 2562054900000 
 11973 2280450000000 
 11977 1983915300000 
 11981 1852013300000 
 11985 1757100600000 
 11989 1662324500000 
 11993 1603713800000 
 11997 1536954400000 
 12001 176540000000 
 12005 346378880000 
 12009 576753270000 
 12013 712066240000 
 12017 860652380000 
 12021 1015477400000 
 12025 1147223900000 
 12029 1316070500000 
 12033 1542308700000 
 12037 1778426700000 
 12041 2079459300000 
 12045 2212444000000 
 12049 2407680800000 
 12053 2693325700000 
 12057 3056360000000 
 12061 3380573400000 
 12065 3522586400000 
 12069 3531992500000 
 12073 3435112100000 
 12077 3227419300000 
 12081 2860810300000 
 12085 2480054000000 
 12089 2077013000000 
 12093 1720730700000 
 12097 1579962600000 
 12101 1525754300000 
 12105 1508547800000 
 12109 1531401300000 
 12113 1572064500000 
 12117 1590076400000 
 12121 1640992300000 
 12125 1693646300000 
 12129 1741746200000 
 12133 1822501100000 
 12137 1904876500000 
 12141 1982028600000 
 12145 1966038500000 
 12149 1874350900000 
 12153 1675302400000 
 12157 1364845400000 
 12161 1056107900000 
 12165 856796920000 
 12169 760658200000 
 12173 722982910000 
 12177 733099570000 
 12181 780557080000 
 12185 904814420000 
 12189 1096975400000 
 12193 1318776000000 
 12197 1537023600000 
 12201 1770039200000 
 12205 2065694100000 
 12209 2189028200000 
 12213 2378242700000 
 12217 2653973000000 
 12221 2983538900000 
 12225 3240913500000 
 12229 3323460000000 
 12233 3230696800000 
 12237 2979836400000 
 12241 2587731700000 
 12245 2061816500000 
 12249 1541818900000 
 12253 1324289900000 
 12257 1201191200000 
 12261 1143393700000 
 12265 1133084400000 
 12269 1150337000000 
 12273 1195756800000 
 12277 1262077100000 
 12281 1348466400000 
 12285 1461033500000 
 12289 1578338300000 
 12293 1700934900000 
 12297 1838103400000 
 12301 1946932200000 
 12305 2005555900000 
 12309 2025062000000 
 12313 1926767100000 
 12317 1882418600000 
 12321 1833138500000 
 12325 1773773400000 
 12329 1727356800000 
 12333 1705791000000 
 12337 1716425800000 
 12341 1748466200000 
 12345 1829559300000 
 12349 1954681100000 
 12353 2155315700000 
 12357 2198125000000 
 12361 2296098800000 
 12365 2427196300000 
 12369 2543425100000 
 12373 2656150400000 
 12377 2726940300000 
 12381 2759563300000 
 12385 2754453400000 
 12389 2731669800000 
 12393 2710315500000 
 12397 2685679200000 
 12401 2631270000000 
 12405 2585155600000 
 12409 2548813400000 
 12413 2515745400000 
 12417 2499594800000 
 12421 2485000900000 
 12425 2473850100000 
 12429 2448246300000 
 12433 2409764900000 
 12437 2361366900000 
 12441 2272689000000 
 12445 2112865800000 
 12449 1867753300000 
 12453 1699068800000 
 12457 1550227700000 
 12461 1381942500000 
 12465 1220102700000 
 12469 1101405400000 
 12473 1022744400000 
 12477 985050870000 
 12481 1035956500000 
 12485 1052221300000 
 12489 1136762300000 
 12493 1272889100000 
 12497 1491358800000 
 12501 1708263600000 
 12505 2050694300000 
 12509 2192065900000 
 12513 2444630900000 
 12517 2780767600000 
 12521 3177859000000 
 12525 3434969000000 
 12529 3497535300000 
 12533 3469173100000 
 12537 3381204900000 
 12541 3222645500000 
 12545 3058345700000 
 12549 2883298300000 
 12553 2740189700000 
 12557 2580179100000 
 12561 2483749300000 
 12565 2436803500000 
 12569 2415968500000 
 12573 2403405900000 
 12577 2398996900000 
 12581 2384890100000 
 12585 2374294100000 
 12589 2365157900000 
 12593 2338271600000 
 12597 2256038800000 
 12601 2127053400000 
 12605 1899709500000 
 12609 1729325800000 
 12613 1539058600000 
 12617 1337851900000 
 12621 1167608000000 
 12625 1025863600000 
 12629 955169820000 
 12633 935508740000 
 12637 991000210000 
 12641 1074215200000 
 12645 1161470600000 
 12649 1282982500000 
 12653 1481638400000 
 12657 1699676600000 
 12661 1979468000000 
 12665 2308894000000 
 12669 2397650600000 
 12673 2526557700000 
 12677 2624962200000 
 12681 2680705300000 
 12685 2686697300000 
 12689 2670692000000 
 12693 2652903500000 
 12697 2626578400000 
 12701 2596737900000 
 12705 2578461100000 
 12709 2578174400000 
 12713 2594452200000 
 12717 2640278200000 
 12721 2712321200000 
 12725 2785805600000 
 12729 2853295400000 
 12733 2919172100000 
 12737 3002618600000 
 12741 3008701000000 
 12745 2972474900000 
 12749 2887082200000 
 12753 2707238000000 
 12757 2406124000000 
 12761 2040337500000 
 12765 1740133600000 
 12769 1594728300000 
 12773 1509589400000 
 12777 1481760000000 
 12781 1470221600000 
 12785 1486422700000 
 12789 1555198600000 
 12793 1628237300000 
 12797 1737704100000 
 12801 1886422000000 
 12805 2044892400000 
 12809 2047427600000 
 12813 2085850500000 
 12817 2086972800000 
 12821 2047374200000 
 12825 1944797600000 
 12829 1923469800000 
 12833 1828334200000 
 12837 1706900200000 
 12841 1603696600000 
 12845 1523482200000 
 12849 1504652100000 
 12853 1516840400000 
 12857 1556717900000 
 12861 1702840300000 
 12865 1925589400000 
 12869 2176255900000 
 12873 2206979000000 
 12877 2286195800000 
 12881 2389699700000 
 12885 2528208700000 
 12889 2698790000000 
 12893 2884136200000 
 12897 3047555900000 
 12901 3025728100000 
 12905 2854842600000 
 12909 2468237600000 
 12913 1813374600000 
 12917 1347399200000 
 12921 1026695200000 
 12925 839045930000 
 12929 739367730000 
 12933 705355850000 
 12937 702043780000 
 12941 757727460000 
 12945 876651920000 
 12949 1036754500000 
 12953 1111634300000 
 12957 1227029300000 
 12961 1412969900000 
 12965 1626641900000 
 12969 1894786800000 
 12973 2264870500000 
 12977 2395123800000 
 12981 2560150800000 
 12985 2608329900000 
 12989 2544913400000 
 12993 2366915800000 
 12997 2110911200000 
 13001 1841944400000 
 13005 1747457500000 
 13009 1711654300000 
 13013 1713533700000 
 13017 1762365800000 
 13021 1863646000000 
 13025 2027393900000 
 13029 2031092000000 
 13033 2077224400000 
 13037 2134619300000 
 13041 2200074400000 
 13045 2244545400000 
 13049 2282373400000 
 13053 2294007100000 
 13057 2297479200000 
 13061 2278222100000 
 13065 2214760700000 
 13069 2088772100000 
 13073 1918180000000 
 13077 1821058500000 
 13081 1745175300000 
 13085 1671218600000 
 13089 1628398500000 
 13093 1601784300000 
 13097 1575364100000 
 13101 1565302600000 
 13105 1573265200000 
 13109 1584264600000 
 13113 1606488900000 
 13117 1629057000000 
 13121 1676038300000 
 13125 1718390400000 
 13129 1789800600000 
 13133 1871121100000 
 13137 1965653800000 
 13141 2131676200000 
 13145 2151600300000 
 13149 2244764400000 
 13153 2385541800000 
 13157 2583562600000 
 13161 2856441700000 
 13165 3280818500000 
 13169 3995358000000 
 13173 5317993200000 
 13177 7030402400000 
 13181 10984000000000 
 13185 10984000000000 
 13189 10984000000000 
 13193 10984000000000 
 13197 10984000000000 
 13201 10984000000000 
 13205 10984000000000 
 13209 10984000000000 
 13213 10984000000000 
 13217 10984000000000 
 13221 10984000000000 
 13225 10984000000000 
 13229 10984000000000 
 13233 10984000000000 
 13237 10984000000000 
 13241 10984000000000 
 13245 10984000000000 
 13249 10984000000000 
 13253 10984000000000 
 13257 10984000000000 
 13261 10984000000000 
 13265 10984000000000 
 13269 10984000000000 
 13273 10984000000000 
 13277 10984000000000 
 13281 10984000000000 
 13285 10984000000000 
 13289 10984000000000 
 13293 10984000000000 
 13297 10984000000000 
 13301 10984000000000 
 13305 10984000000000 
 13309 10984000000000 
 13313 10984000000000 
 13317 10984000000000 
 13321 10984000000000 
 13325 10984000000000 
 13329 10984000000000 
 13333 10984000000000 
 13337 10984000000000 
 13341 10984000000000 
 13345 10984000000000 
 13349 10984000000000 
 13353 10984000000000 
 13357 10984000000000 
 13361 10984000000000 
 13365 10984000000000 
 13369 10984000000000 
 13373 10984000000000 
 13377 10984000000000 
 13381 10984000000000 
 13385 10984000000000 
 13389 10984000000000 
 13393 10984000000000 
 13397 10984000000000 
 13401 10984000000000 
 13405 10984000000000 
 13409 10984000000000 
 13413 10984000000000 
 13417 10984000000000 
 13421 10984000000000 
 13425 10984000000000 
 13429 10984000000000 
 13433 10984000000000 
 13437 10984000000000 
 13441 10984000000000 
 13445 10984000000000 
 13449 10984000000000 
 13453 10984000000000 
 13457 10984000000000 
 13461 10984000000000 
 13465 10984000000000 
 13469 10984000000000 
 13473 10984000000000 
 13477 10984000000000 
 13481 10984000000000 
 13485 10984000000000 
 13489 10984000000000 
 13493 10984000000000 
 13497 10984000000000 
 13501 10984000000000 
 13505 10984000000000 
 13509 10984000000000 
 13513 10984000000000 
 13517 10984000000000 
 13521 10984000000000 
 13525 10984000000000 
 13529 10984000000000 
 13533 10984000000000 
 13537 10984000000000 
 13541 10984000000000 
 13545 10984000000000 
 13549 10984000000000 
 13553 10984000000000 
 13557 10984000000000 
 13561 10984000000000 
 13565 10984000000000 
 13569 10984000000000 
 13573 10984000000000 
 13577 10984000000000 
 13581 10984000000000 
 13585 10984000000000 
 13589 10984000000000 
 13593 10984000000000 
 13597 10984000000000 
 13601 10984000000000 
 13605 10984000000000 
 13609 10984000000000 
 13613 10984000000000 
 13617 10984000000000 
 13621 10984000000000 
 13625 10984000000000 
 13629 10984000000000 
 13633 10984000000000 
 13637 10984000000000 
 13641 10984000000000 
 13645 10984000000000 
 13649 10984000000000 
 13653 10984000000000 
 13657 10984000000000 
 13661 10984000000000 
 13665 10984000000000 
 13669 10984000000000 
 13673 10984000000000 
 13677 10984000000000 
 13681 10984000000000 
 13685 10984000000000 
 13689 10984000000000 
 13693 10984000000000 
 13697 10984000000000 
 13701 10984000000000 
 13705 10984000000000 
 13709 10984000000000 
 13713 10984000000000 
 13717 10984000000000 
 13721 10984000000000 
 13725 10984000000000 
 13729 10984000000000 
 13733 10984000000000 
 13737 10984000000000 
 13741 10984000000000 
 13745 10984000000000 
 13749 10984000000000 
 13753 10984000000000 
 13757 10984000000000 
 13761 10984000000000 
 13765 10984000000000 
 13769 10984000000000 
 13773 10984000000000 
 13777 10984000000000 
 13781 10984000000000 
 13785 10984000000000 
 13789 10984000000000 
 13793 10984000000000 
 13797 10984000000000 
 13801 10984000000000 
 13805 10984000000000 
 13809 10984000000000 
 13813 10984000000000 
 13817 10984000000000 
 13821 10984000000000 
 13825 10984000000000 
 13829 10984000000000 
 13833 10984000000000 
 13837 10984000000000 
 13841 10984000000000 
 13845 10984000000000 
 13849 10984000000000 
 13853 10984000000000 
 13857 10984000000000 
 13861 10984000000000 
 13865 10984000000000 
 13869 10984000000000 
 13873 10984000000000 
 13877 10984000000000 
 13881 10984000000000 
 13885 10984000000000 
 13889 10984000000000 
 13893 10984000000000 
 13897 10984000000000 
 13901 10984000000000 
 13905 10984000000000 
 13909 10984000000000 
 13913 10984000000000 
 13917 10984000000000 
 13921 10984000000000 
 13925 10984000000000 
 13929 10984000000000 
 13933 10984000000000 
 13937 10984000000000 
 13941 10984000000000 
 13945 10984000000000 
 13949 10984000000000 
 13953 10984000000000 
 13957 10984000000000 
 13961 10984000000000 
 13965 10984000000000 
 13969 10984000000000 
 13973 10984000000000 
 13977 10984000000000 
 13981 10984000000000 
 13985 10984000000000 
 13989 10984000000000 
 13993 10984000000000 
 13997 10984000000000 
 14001 10984000000000 
 14005 10984000000000 
 14009 10984000000000 
 14013 10984000000000 
 14017 10984000000000 
 14021 10984000000000 
 14025 10984000000000 
 14029 10984000000000 
 14033 10984000000000 
 14037 10984000000000 
 14041 10984000000000 
 14045 10984000000000 
 14049 10984000000000 
 14053 10984000000000 
 14057 10984000000000 
 14061 10984000000000 
 14065 10984000000000 
 14069 10984000000000 
 14073 10984000000000 
 14077 10984000000000 
 14081 10984000000000 
 14085 10984000000000 
 14089 10984000000000 
 14093 10984000000000 
 14097 10984000000000 
 14101 10984000000000 
 14105 10984000000000 
 14109 10984000000000 
 14113 10984000000000 
 14117 10984000000000 
 14121 10984000000000 
 14125 10984000000000 
 14129 10984000000000 
 14133 10984000000000 
 14137 10984000000000 
 14141 10984000000000 
 14145 10984000000000 
 14149 10984000000000 
 14153 10984000000000 
 14157 10984000000000 
 14161 10984000000000 
 14165 10984000000000 
 14169 10984000000000 
 14173 10984000000000 
 14177 10984000000000 
 14181 10984000000000 
 14185 10984000000000 
 14189 10984000000000 
 14193 10984000000000 
 14197 10984000000000 
 14201 10984000000000 
 14205 10984000000000 
 14209 10984000000000 
 14213 10984000000000 
 14217 10984000000000 
 14221 10984000000000 
 14225 10984000000000 
 14229 10984000000000 
 14233 10984000000000 
 14237 10984000000000 
 14241 10984000000000 
 14245 10984000000000 
 14249 10984000000000 
 14253 10984000000000 
 14257 10984000000000 
 14261 10984000000000 
 14265 10984000000000 
 14269 10984000000000 
 14273 10984000000000 
 14277 10984000000000 
 14281 10984000000000 
 14285 10984000000000 
 14289 10984000000000 
 14293 10984000000000 
 14297 10984000000000 
 14301 10984000000000 
 14305 10984000000000 
 14309 10984000000000 
 14313 10984000000000 
 14317 10984000000000 
 14321 10984000000000 
 14325 10984000000000 
 14329 10984000000000 
 14333 10984000000000 
 14337 10984000000000 
 14341 10984000000000 
 14345 10984000000000 
 14349 10984000000000 
 14353 10984000000000 
 14357 10984000000000 
 14361 10984000000000 
 14365 10984000000000 
 14369 10984000000000 
 14373 10984000000000 
 14377 10984000000000 
 14381 10984000000000 
 14385 10984000000000 
 14389 10984000000000 
 14393 10984000000000 
 14397 10984000000000 
 14401 10984000000000 
 14405 10984000000000 
 14409 10984000000000 
 14413 10984000000000 
 14417 10984000000000 
 14421 10984000000000 
 14425 10984000000000 
 14429 10984000000000 
 14433 10984000000000 
 14437 10984000000000 
 14441 10984000000000 
 14445 10984000000000 
 14449 10984000000000 
 14453 10984000000000 
 14457 10984000000000 
 14461 10984000000000 
 14465 10984000000000 
 14469 10984000000000 
 14473 10984000000000 
 14477 10984000000000 
 14481 10984000000000 
 14485 10984000000000 
 14489 10984000000000 
 14493 10984000000000 
 14497 10984000000000 
 14501 10984000000000 
 14505 10984000000000 
 14509 10984000000000 
 14513 10984000000000 
 14517 10984000000000 
 14521 10984000000000 
 14525 10984000000000 
 14529 10984000000000 
 14533 10984000000000 
 14537 10984000000000 
 14541 10984000000000 
 14545 10984000000000 
 14549 10984000000000 
 14553 10984000000000 
 14557 10984000000000 
 14561 10984000000000 
 14565 10984000000000 
 14569 10984000000000 
 14573 10984000000000 
 14577 10984000000000 
 14581 10984000000000 
 14585 10984000000000 
 14589 10984000000000 
 14593 10984000000000 
 14597 10984000000000 
 14601 10984000000000 
 14605 10984000000000 
 14609 10984000000000 
 14613 10984000000000 
 14617 10984000000000 
 14621 10984000000000 
 14625 10984000000000 
 14629 10984000000000 
 14633 10984000000000 
 14637 10984000000000 
 14641 10984000000000 
 14645 10984000000000 
 14649 10984000000000 
 14653 10984000000000 
 14657 10984000000000 
 14661 10984000000000 
 14665 10984000000000 
 14669 10984000000000 
 14673 10984000000000 
 14677 10984000000000 
 14681 10984000000000 
 14685 10984000000000 
 14689 10984000000000 
 14693 10984000000000 
 14697 10984000000000 
 14701 10984000000000 
 14705 10984000000000 
 14709 10984000000000 
 14713 10984000000000 
 14717 10984000000000 
 14721 10984000000000 
 14725 10984000000000 
 14729 10984000000000 
 14733 10984000000000 
 14737 10984000000000 
 14741 10984000000000 
 14745 10984000000000 
 14749 10984000000000 
 14753 10984000000000 
 14757 10984000000000 
 14761 10984000000000 
 14765 10984000000000 
 14769 10984000000000 
 14773 10984000000000 
 14777 10984000000000 
 14781 10984000000000 
 14785 10984000000000 
 14789 10984000000000 
 14793 10984000000000 
 14797 10984000000000 
 14801 10984000000000 
 14805 10984000000000 
 14809 10984000000000 
 14813 10984000000000 
 14817 10984000000000 
 14821 10984000000000 
 14825 10984000000000 
 14829 10984000000000 
 14833 10984000000000 
 14837 10984000000000 
 14841 10984000000000 
 14845 10984000000000 
 14849 10984000000000 
 14853 10984000000000 
 14857 10984000000000 
 14861 10984000000000 
 14865 10984000000000 
 14869 10984000000000 
 14873 10984000000000 
 14877 10984000000000 
 14881 10984000000000 
 14885 10984000000000 
 14889 10984000000000 
 14893 10984000000000 
 14897 10984000000000 
 14901 10984000000000 
 14905 10984000000000 
 14909 10984000000000 
 14913 10984000000000 
 14917 10984000000000 
 14921 10984000000000 
 14925 10984000000000 
 14929 10984000000000 
 14933 10984000000000 
 14937 10984000000000 
 14941 10984000000000 
 14945 10984000000000 
 14949 10984000000000 
 14953 10984000000000 
 14957 10984000000000 
 14961 10984000000000 
 14965 10984000000000 
 14969 10984000000000 
 14973 10984000000000 
 14977 10984000000000 
 14981 10984000000000 
 14985 10984000000000 
 14989 10984000000000 
 14993 10984000000000 
 14997 10984000000000 
 15001 10984000000000 
 15005 10984000000000 
 15009 10984000000000 
 15013 10984000000000 
 15017 10984000000000 
 15021 10984000000000 
 15025 10984000000000 
 15029 10984000000000 
 15033 10984000000000 
 15037 10984000000000 
 15041 10984000000000 
 15045 10984000000000 
 15049 10984000000000 
 15053 10984000000000 
 15057 10984000000000 
 15061 10984000000000 
 15065 10984000000000 
 15069 10984000000000 
 15073 10984000000000 
 15077 10984000000000 
 15081 10984000000000 
 15085 10984000000000 
 15089 10984000000000 
 15093 10984000000000 
 15097 10984000000000 
 15101 10984000000000 
 15105 10984000000000 
 15109 10984000000000 
 15113 10984000000000 
 15117 10984000000000 
 15121 10984000000000 
 15125 10984000000000 
 15129 10984000000000 
 15133 10984000000000 
 15137 10984000000000 
 15141 10984000000000 
 15145 10984000000000 
 15149 10984000000000 
 15153 10984000000000 
 15157 10984000000000 
 15161 10984000000000 
 15165 10984000000000 
 15169 10984000000000 
 15173 10984000000000 
 15177 10984000000000 
 15181 10984000000000 
 15185 10984000000000 
 15189 10984000000000 
 15193 10984000000000 
 15197 10984000000000 
 15201 10984000000000 
 15205 10984000000000 
 15209 10984000000000 
 15213 10984000000000 
 15217 10984000000000 
 15221 10984000000000 
 15225 10984000000000 
 15229 10984000000000 
 15233 10984000000000 
 15237 10984000000000 
 15241 10984000000000 
 15245 10984000000000 
 15249 10984000000000 
 15253 10984000000000 
 15257 10984000000000 
 15261 10984000000000 
 15265 10984000000000 
 15269 10984000000000 
 15273 10984000000000 
 15277 10984000000000 
 15281 10984000000000 
 15285 10984000000000 
 15289 10984000000000 
 15293 10984000000000 
 15297 10984000000000 
 15301 10984000000000 
 15305 10984000000000 
 15309 10984000000000 
 15313 10984000000000 
 15317 10984000000000 
 15321 10984000000000 
 15325 10984000000000 
 15329 10984000000000 
 15333 10984000000000 
 15337 10984000000000 
 15341 10984000000000 
 15345 10984000000000 
 15349 10984000000000 
 15353 10984000000000 
 15357 10984000000000 
 15361 10984000000000 
 15365 10984000000000 
 15369 10984000000000 
 15373 10984000000000 
 15377 10984000000000 
 15381 10984000000000 
 15385 10984000000000 
 15389 10984000000000 
 15393 10984000000000 
 15397 10984000000000 
 15401 10984000000000 
 15405 10984000000000 
 15409 10984000000000 
 15413 10984000000000 
 15417 10984000000000 
 15421 10984000000000 
 15425 10984000000000 
 15429 10984000000000 
 15433 10984000000000 
 15437 10984000000000 
 15441 10984000000000 
 15445 10984000000000 
 15449 10984000000000 
 15453 10984000000000 
 15457 10984000000000 
 15461 10984000000000 
 15465 10984000000000 
 15469 10984000000000 
 15473 10984000000000 
 15477 10984000000000 
 15481 10984000000000 
 15485 10984000000000 
 15489 10984000000000 
 15493 10984000000000 
 15497 10984000000000 
 15501 10984000000000 
 15505 10984000000000 
 15509 10984000000000 
 15513 10984000000000 
 15517 10984000000000 
 15521 10984000000000 
 15525 10984000000000 
 15529 10984000000000 
 15533 10984000000000 
 15537 10984000000000 
 15541 10984000000000 
 15545 10984000000000 
 15549 10984000000000 
 15553 10984000000000 
 15557 10984000000000 
 15561 10984000000000 
 15565 10984000000000 
 15569 10984000000000 
 15573 10984000000000 
 15577 10984000000000 
 15581 10984000000000 
 15585 10984000000000 
 15589 10984000000000 
 15593 10984000000000 
 15597 10984000000000 
 15601 10984000000000 
 15605 10984000000000 
 15609 10984000000000 
 15613 10984000000000 
 15617 10984000000000 
 15621 10984000000000 
 15625 10984000000000 
 15629 10984000000000 
 15633 10984000000000 
 15637 10984000000000 
 15641 10984000000000 
 15645 10984000000000 
 15649 10984000000000 
 15653 10984000000000 
 15657 10984000000000 
 15661 10984000000000 
 15665 10984000000000 
 15669 10984000000000 
 15673 10984000000000 
 15677 10984000000000 
 15681 10984000000000 
 15685 10984000000000 
 15689 10984000000000 
 15693 10984000000000 
 15697 10984000000000 
 15701 10984000000000 
 15705 10984000000000 
 15709 10984000000000 
 15713 10984000000000 
 15717 10984000000000 
 15721 10984000000000 
 15725 10984000000000 
 15729 10984000000000 
 15733 10984000000000 
 15737 10984000000000 
 15741 10984000000000 
 15745 10984000000000 
 15749 10984000000000 
 15753 10984000000000 
 15757 10984000000000 
 15761 10984000000000 
 15765 10984000000000 
 15769 10984000000000 
 15773 10984000000000 
 15777 10984000000000 
 15781 10984000000000 
 15785 10984000000000 
 15789 10984000000000 
 15793 10984000000000 
 15797 10984000000000 
 15801 10984000000000 
 15805 10984000000000 
 15809 10984000000000 
 15813 10984000000000 
 15817 10984000000000 
 15821 10984000000000 
 15825 10984000000000 
 15829 10984000000000 
 15833 10984000000000 
 15837 10984000000000 
 15841 10984000000000 
 15845 10984000000000 
 15849 10984000000000 
 15853 10984000000000 
 15857 10984000000000 
 15861 10984000000000 
 15865 10984000000000 
 15869 10984000000000 
 15873 10984000000000 
 15877 10984000000000 
 15881 10984000000000 
 15885 10984000000000 
 15889 10984000000000 
 15893 10984000000000 
 15897 10984000000000 
 15901 10984000000000 
 15905 10984000000000 
 15909 10984000000000 
 15913 10984000000000 
 15917 10984000000000 
 15921 10984000000000 
 15925 10984000000000 
 15929 10984000000000 
 15933 10984000000000 
 15937 10984000000000 
 15941 10984000000000 
 15945 10984000000000 
 15949 10984000000000 
 15953 10984000000000 
 15957 10984000000000 
 15961 10984000000000 
 15965 10984000000000 
 15969 10984000000000 
 15973 10984000000000 
 15977 10984000000000 
 15981 10984000000000 
 15985 10984000000000 
 15989 10984000000000 
 15993 10984000000000 
 15997 10984000000000 
 16001 10984000000000 
 16005 10984000000000 
 16009 10984000000000 
 16013 10984000000000 
 16017 10984000000000 
 16021 10984000000000 
 16025 10984000000000 
 16029 10984000000000 
 16033 10984000000000 
 16037 10984000000000 
 16041 10984000000000 
 16045 10984000000000 
 16049 10984000000000 
 16053 10984000000000 
 16057 10984000000000 
 16061 10984000000000 
 16065 10984000000000 
 16069 10984000000000 
 16073 10984000000000 
 16077 10984000000000 
 16081 10984000000000 
 16085 10984000000000 
 16089 10984000000000 
 16093 10984000000000 
 16097 10984000000000 
 16101 10984000000000 
 16105 10984000000000 
 16109 10984000000000 
 16113 10984000000000 
 16117 10984000000000 
 16121 10984000000000 
 16125 10984000000000 
 16129 10984000000000 
 16133 10984000000000 
 16137 10984000000000 
 16141 10984000000000 
 16145 10984000000000 
 16149 10984000000000 
 16153 10984000000000 
 16157 10984000000000 
 16161 10984000000000 
 16165 10984000000000 
 16169 10984000000000 
 16173 10984000000000 
 16177 10984000000000 
 16181 10984000000000 
 16185 10984000000000 
 16189 10984000000000 
 16193 10984000000000 
 16197 10984000000000 
 16201 10984000000000 
 16205 10984000000000 
 16209 10984000000000 
 16213 10984000000000 
 16217 10984000000000 
 16221 10984000000000 
 16225 10984000000000 
 16229 10984000000000 
 16233 10984000000000 
 16237 10984000000000 
 16241 10984000000000 
 16245 10984000000000 
 16249 10984000000000 
 16253 10984000000000 
 16257 10984000000000 
 16261 10984000000000 
 16265 10984000000000 
 16269 10984000000000 
 16273 10984000000000 
 16277 10984000000000 
 16281 10984000000000 
 16285 10984000000000 
 16289 10984000000000 
 16293 10984000000000 
 16297 10984000000000 
 16301 10984000000000 
 16305 10984000000000 
 16309 10984000000000 
 16313 10984000000000 
 16317 10984000000000 
 16321 10984000000000 
 16325 10984000000000 
 16329 10984000000000 
 16333 10984000000000 
 16337 10984000000000 
 16341 10984000000000 
 16345 10984000000000 
 16349 10984000000000 
 16353 10984000000000 
 16357 10984000000000 
 16361 10984000000000 
 16365 10984000000000 
 16369 10984000000000 
 16373 10984000000000 
 16377 10984000000000 
 16381 10984000000000 
 16385 10984000000000 
 16389 10984000000000 
 16393 10984000000000 
 16397 10984000000000 
 16401 10984000000000 
 16405 10984000000000 
 16409 10984000000000 
 16413 10984000000000 
 16417 10984000000000 
 16421 10984000000000 
 16425 10984000000000 
 16429 10984000000000 
 16433 10984000000000 
 16437 10984000000000 
 16441 10984000000000 
 16445 10984000000000 
 16449 10984000000000 
 16453 10984000000000 
 16457 10984000000000 
 16461 10984000000000 
 16465 10984000000000 
 16469 10984000000000 
 16473 10984000000000 
 16477 10984000000000 
 16481 10984000000000 
 16485 10984000000000 
 16489 10984000000000 
 16493 10984000000000 
 16497 10984000000000 
 16501 10984000000000 
 16505 10984000000000 
 16509 10984000000000 
 16513 10984000000000 
 16517 10984000000000 
 16521 10984000000000 
 16525 10984000000000 
 16529 10984000000000 
 16533 10984000000000 
 16537 10984000000000 
 16541 10984000000000 
 16545 10984000000000 
 16549 10984000000000 
 16553 10984000000000 
 16557 10984000000000 
 16561 10984000000000 
 16565 10984000000000 
 16569 10984000000000 
 16573 10984000000000 
 16577 10984000000000 
 16581 10984000000000 
 16585 10984000000000 
 16589 10984000000000 
 16593 10984000000000 
 16597 10984000000000 
 16601 10984000000000 
 16605 10984000000000 
 16609 10984000000000 
 16613 10984000000000 
 16617 10984000000000 
 16621 10984000000000 
 16625 10984000000000 
 16629 10984000000000 
 16633 10984000000000 
 16637 10984000000000 
 16641 10984000000000 
 16645 10984000000000 
 16649 10984000000000 
 16653 10984000000000 
 16657 10984000000000 
 16661 10984000000000 
 16665 10984000000000 
 16669 10984000000000 
 16673 10984000000000 
 16677 10984000000000 
 16681 10984000000000 
 16685 10984000000000 
 16689 10984000000000 
 16693 10984000000000 
 16697 10984000000000 
 16701 10984000000000 
 16705 10984000000000 
 16709 10984000000000 
 16713 10984000000000 
 16717 10984000000000 
 16721 10984000000000 
 16725 10984000000000 
 16729 10984000000000 
 16733 10984000000000 
 16737 10984000000000 
 16741 10984000000000 
 16745 10984000000000 
 16749 10984000000000 
 16753 10984000000000 
 16757 10984000000000 
 16761 10984000000000 
 16765 10984000000000 
 16769 10984000000000 
 16773 10984000000000 
 16777 10984000000000 
 16781 10984000000000 
 16785 10984000000000 
 16789 10984000000000 
 16793 10984000000000 
 16797 10984000000000 
 16801 10984000000000 
 16805 10984000000000 
 16809 10984000000000 
 16813 10984000000000 
 16817 10984000000000 
 16821 10984000000000 
 16825 10984000000000 
 16829 10984000000000 
 16833 10984000000000 
 16837 10984000000000 
 16841 10984000000000 
 16845 10984000000000 
 16849 10984000000000 
 16853 10984000000000 
 16857 10984000000000 
 16861 10984000000000 
 16865 10984000000000 
 16869 10984000000000 
 16873 10984000000000 
 16877 10984000000000 
 16881 10984000000000 
 16885 10984000000000 
 16889 10984000000000 
 16893 10984000000000 
 16897 10984000000000 
 16901 10984000000000 
 16905 10984000000000 
 16909 10984000000000 
 16913 10984000000000 
 16917 10984000000000 
 16921 10984000000000 
 16925 10984000000000 
 16929 10984000000000 
 16933 10984000000000 
 16937 10984000000000 
 16941 10984000000000 
 16945 10984000000000 
 16949 10984000000000 
 16953 10984000000000 
 16957 10984000000000 
 16961 10984000000000 
 16965 10984000000000 
 16969 10984000000000 
 16973 10984000000000 
 16977 10984000000000 
 16981 10984000000000 
 16985 10984000000000 
 16989 10984000000000 
 16993 10984000000000 
 16997 10984000000000 
 17001 10984000000000 
 17005 10984000000000 
 17009 10984000000000 
 17013 10984000000000 
 17017 10984000000000 
 17021 10984000000000 
 17025 10984000000000 
 17029 10984000000000 
 17033 10984000000000 
 17037 10984000000000 
 17041 10984000000000 
 17045 10984000000000 
 17049 10984000000000 
 17053 10984000000000 
 17057 10984000000000 
 17061 10984000000000 
 17065 10984000000000 
 17069 10984000000000 
 17073 10984000000000 
 17077 10984000000000 
 17081 10984000000000 
 17085 10984000000000 
 17089 10984000000000 
 17093 10984000000000 
 17097 10984000000000 
 17101 10984000000000 
 17105 10984000000000 
 17109 10984000000000 
 17113 10984000000000 
 17117 10984000000000 
 17121 10984000000000 
 17125 10984000000000 
 17129 10984000000000 
 17133 10984000000000 
 17137 10984000000000 
 17141 10984000000000 
 17145 10984000000000 
 17149 10984000000000 
 17153 10984000000000 
 17157 10984000000000 
 17161 10984000000000 
 17165 10984000000000 
 17169 10984000000000 
 17173 10984000000000 
 17177 10984000000000 
 17181 10984000000000 
 17185 10984000000000 
 17189 10984000000000 
 17193 10984000000000 
 17197 10984000000000 
 17201 10984000000000 
 17205 10984000000000 
 17209 10984000000000 
 17213 10984000000000 
 17217 10984000000000 
 17221 10984000000000 
 17225 10984000000000 
 17229 10984000000000 
 17233 10984000000000 
 17237 10984000000000 
 17241 10984000000000 
 17245 10984000000000 
 17249 10984000000000 
 17253 10984000000000 
 17257 10984000000000 
 17261 10984000000000 
 17265 10984000000000 
 17269 10984000000000 
 17273 10984000000000 
 17277 10984000000000 
 17281 10984000000000 
 17285 10984000000000 
 17289 10984000000000 
 17293 10984000000000 
 17297 10984000000000 
 17301 10984000000000 
 17305 10984000000000 
 17309 10984000000000 
 17313 10984000000000 
 17317 10984000000000 
 17321 10984000000000 
 17325 10984000000000 
 17329 10984000000000 
 17333 10984000000000 
 17337 10984000000000 
 17341 10984000000000 
 17345 10984000000000 
 17349 10984000000000 
 17353 10984000000000 
 17357 10984000000000 
 17361 10984000000000 
 17365 10984000000000 
 17369 10984000000000 
 17373 10984000000000 
 17377 10984000000000 
 17381 10984000000000 
 17385 10984000000000 
 17389 10984000000000 
 17393 10984000000000 
 17397 10984000000000 
 17401 10984000000000 
 17405 10984000000000 
 17409 10984000000000 
 17413 10984000000000 
 17417 10984000000000 
 17421 10984000000000 
 17425 10984000000000 
 17429 10984000000000 
 17433 10984000000000 
 17437 10984000000000 
 17441 10984000000000 
 17445 10984000000000 
 17449 10984000000000 
 17453 10984000000000 
 17457 10984000000000 
 17461 10984000000000 
 17465 10984000000000 
 17469 10984000000000 
 17473 10984000000000 
 17477 10984000000000 
 17481 10984000000000 
 17485 10984000000000 
 17489 10984000000000 
 17493 10984000000000 
 17497 10984000000000 
 17501 10984000000000 
 17505 10984000000000 
 17509 10984000000000 
 17513 10984000000000 
 17517 10984000000000 
 17521 10984000000000 
 17525 10984000000000 
 17529 10984000000000 
 17533 10984000000000 
 17537 10984000000000 
 17541 10984000000000 
 17545 10984000000000 
 17549 10984000000000 
 17553 10984000000000 
 17557 10984000000000 
 17561 10984000000000 
 17565 10984000000000 
 17569 10984000000000 
 17573 10984000000000 
 17577 10984000000000 
 17581 10984000000000 
 17585 10984000000000 
 17589 10984000000000 
 17593 10984000000000 
 17597 10984000000000 
 17601 10984000000000 
 17605 10984000000000 
 17609 10984000000000 
 17613 10984000000000 
 17617 10984000000000 
 17621 10984000000000 
 17625 10984000000000 
 17629 10984000000000 
 17633 10984000000000 
 17637 10984000000000 
 17641 10984000000000 
 17645 10984000000000 
 17649 10984000000000 
 17653 10984000000000 
 17657 10984000000000 
 17661 10984000000000 
 17665 10984000000000 
 17669 10984000000000 
 17673 10984000000000 
 17677 10984000000000 
 17681 10984000000000 
 17685 10984000000000 
 17689 10984000000000 
 17693 10984000000000 
 17697 10984000000000 
 17701 10984000000000 
 17705 10984000000000 
 17709 10984000000000 
 17713 10984000000000 
 17717 10984000000000 
 17721 10984000000000 
 17725 10984000000000 
 17729 10984000000000 
 17733 10984000000000 
 17737 10984000000000 
 17741 10984000000000 
 17745 10984000000000 
 17749 10984000000000 
 17753 10984000000000 
 17757 10984000000000 
 17761 10984000000000 
 17765 10984000000000 
 17769 10984000000000 
 17773 10984000000000 
 17777 10984000000000 
 17781 10984000000000 
 17785 10984000000000 
 17789 10984000000000 
 17793 10984000000000 
 17797 10984000000000 
 17801 10984000000000 
 17805 10984000000000 
 17809 10984000000000 
 17813 10984000000000 
 17817 10984000000000 
 17821 10984000000000 
 17825 10984000000000 
 17829 10984000000000 
 17833 10984000000000 
 17837 10984000000000 
 17841 10984000000000 
 17845 10984000000000 
 17849 10984000000000 
 17853 10984000000000 
 17857 10984000000000 
 17861 10984000000000 
 17865 10984000000000 
 17869 10984000000000 
 17873 10984000000000 
 17877 10984000000000 
 17881 10984000000000 
 17885 10984000000000 
 17889 10984000000000 
 17893 10984000000000 
 17897 10984000000000 
 17901 10984000000000 
 17905 10984000000000 
 17909 10984000000000 
 17913 10984000000000 
 17917 10984000000000 
 17921 10984000000000 
 17925 10984000000000 
 17929 10984000000000 
 17933 10984000000000 
 17937 10984000000000 
 17941 10984000000000 
 17945 10984000000000 
 17949 10984000000000 
 17953 10984000000000 
 17957 10984000000000 
 17961 10984000000000 
 17965 10984000000000 
 17969 10984000000000 
 17973 10984000000000 
 17977 10984000000000 
 17981 10984000000000 
 17985 10984000000000 
 17989 10984000000000 
 17993 10984000000000 
 17997 10984000000000 
 18001 10984000000000 
 18005 10984000000000 
 18009 10984000000000 
 18013 10984000000000 
 18017 10984000000000 
 18021 10984000000000 
 18025 10984000000000 
 18029 10984000000000 
 18033 10984000000000 
 18037 10984000000000 
 18041 10984000000000 
 18045 10984000000000 
 18049 10984000000000 
 18053 10984000000000 
 18057 10984000000000 
 18061 10984000000000 
 18065 10984000000000 
 18069 10984000000000 
 18073 10984000000000 
 18077 10984000000000 
 18081 10984000000000 
 18085 10984000000000 
 18089 10984000000000 
 18093 10984000000000 
 18097 10984000000000 
 18101 10984000000000 
 18105 10984000000000 
 18109 10984000000000 
 18113 10984000000000 
 18117 10984000000000 
 18121 10984000000000 
 18125 10984000000000 
 18129 10984000000000 
 18133 10984000000000 
 18137 10984000000000 
 18141 10984000000000 
 18145 10984000000000 
 18149 10984000000000 
 18153 10984000000000 
 18157 10984000000000 
 18161 10984000000000 
 18165 10984000000000 
 18169 10984000000000 
 18173 10984000000000 
 18177 10984000000000 
 18181 10984000000000 
 18185 10984000000000 
 18189 10984000000000 
 18193 10984000000000 
 18197 10984000000000 
 18201 10984000000000 
 18205 10984000000000 
 18209 10984000000000 
 18213 10984000000000 
 18217 10984000000000 
 18221 10984000000000 
 18225 10984000000000 
 18229 10984000000000 
 18233 10984000000000 
 18237 10984000000000 
 18241 10984000000000 
 18245 10984000000000 
 18249 10984000000000 
 18253 10984000000000 
 18257 10984000000000 
 18261 10984000000000 
 18265 10984000000000 
 18269 10984000000000 
 18273 10984000000000 
 18277 10984000000000 
 18281 10984000000000 
 18285 10984000000000 
 18289 10984000000000 
 18293 10984000000000 
 18297 10984000000000 
 18301 10984000000000 
 18305 10984000000000 
 18309 10984000000000 
 18313 10984000000000 
 18317 10984000000000 
 18321 10984000000000 
 18325 10984000000000 
 18329 10984000000000 
 18333 10984000000000 
 18337 10984000000000 
 18341 10984000000000 
 18345 10984000000000 
 18349 10984000000000 
 18353 10984000000000 
 18357 10984000000000 
 18361 10984000000000 
 18365 10984000000000 
 18369 10984000000000 
 18373 10984000000000 
 18377 10984000000000 
 18381 10984000000000 
 18385 10984000000000 
 18389 10984000000000 
 18393 10984000000000 
 18397 10984000000000 
 18401 10984000000000 
 18405 10984000000000 
 18409 10984000000000 
 18413 10984000000000 
 18417 10984000000000 
 18421 10984000000000 
 18425 10984000000000 
 18429 10984000000000 
 18433 10984000000000 
 18437 10984000000000 
 18441 10984000000000 
 18445 10984000000000 
 18449 10984000000000 
 18453 10984000000000 
 18457 10984000000000 
 18461 10984000000000 
 18465 10984000000000 
 18469 10984000000000 
 18473 10984000000000 
 18477 10984000000000 
 18481 10984000000000 
 18485 10984000000000 
 18489 10984000000000 
 18493 10984000000000 
 18497 10984000000000 
 18501 10984000000000 
 18505 10984000000000 
 18509 10984000000000 
 18513 10984000000000 
 18517 10984000000000 
 18521 10984000000000 
 18525 10984000000000 
 18529 10984000000000 
 18533 10984000000000 
 18537 10984000000000 
 18541 10984000000000 
 18545 10984000000000 
 18549 10984000000000 
 18553 10984000000000 
 18557 10984000000000 
 18561 10984000000000 
 18565 10984000000000 
 18569 10984000000000 
 18573 10984000000000 
 18577 10984000000000 
 18581 10984000000000 
 18585 10984000000000 
 18589 10984000000000 
 18593 10984000000000 
 18597 10984000000000 
 18601 10984000000000 
 18605 10984000000000 
 18609 10984000000000 
 18613 10984000000000 
 18617 10984000000000 
 18621 10984000000000 
 18625 10984000000000 
 18629 10984000000000 
 18633 10984000000000 
 18637 10984000000000 
 18641 10984000000000 
 18645 10984000000000 
 18649 10984000000000 
 18653 10984000000000 
 18657 10984000000000 
 18661 10984000000000 
 18665 10984000000000 
 18669 10984000000000 
 18673 10984000000000 
 18677 10984000000000 
 18681 10984000000000 
 18685 10984000000000 
 18689 10984000000000 
 18693 10984000000000 
 18697 10984000000000 
 18701 10984000000000 
 18705 10984000000000 
 18709 10984000000000 
 18713 10984000000000 
 18717 10984000000000 
 18721 10984000000000 
 18725 10984000000000 
 18729 10984000000000 
 18733 10984000000000 
 18737 10984000000000 
 18741 10984000000000 
 18745 10984000000000 
 18749 10984000000000 
 18753 10984000000000 
 18757 10984000000000 
 18761 10984000000000 
 18765 10984000000000 
 18769 10984000000000 
 18773 10984000000000 
 18777 10984000000000 
 18781 10984000000000 
 18785 10984000000000 
 18789 10984000000000 
 18793 10984000000000 
 18797 10984000000000 
 18801 10984000000000 
 18805 10984000000000 
 18809 10984000000000 
 18813 10984000000000 
 18817 10984000000000 
 18821 10984000000000 
 18825 10984000000000 
 18829 10984000000000 
 18833 10984000000000 
 18837 10984000000000 
 18841 10984000000000 
 18845 10984000000000 
 18849 10984000000000 
 18853 10984000000000 
 18857 10984000000000 
 18861 10984000000000 
 18865 10984000000000 
 18869 10984000000000 
 18873 10984000000000 
 18877 10984000000000 
 18881 10984000000000 
 18885 10984000000000 
 18889 10984000000000 
 18893 10984000000000 
 18897 10984000000000 
 18901 10984000000000 
 18905 10984000000000 
 18909 10984000000000 
 18913 10984000000000 
 18917 10984000000000 
 18921 10984000000000 
 18925 10984000000000 
 18929 10984000000000 
 18933 10984000000000 
 18937 10984000000000 
 18941 10984000000000 
 18945 10984000000000 
 18949 10984000000000 
 18953 10984000000000 
 18957 10984000000000 
 18961 10984000000000 
 18965 10984000000000 
 18969 10984000000000 
 18973 10984000000000 
 18977 10984000000000 
 18981 10984000000000 
 18985 10984000000000 
 18989 10984000000000 
 18993 10984000000000 
 18997 10984000000000 
 19001 10984000000000 
 19005 10984000000000 
 19009 10984000000000 
 19013 10984000000000 
 19017 10984000000000 
 19021 10984000000000 
 19025 10984000000000 
 19029 10984000000000 
 19033 10984000000000 
 19037 10984000000000 
 19041 10984000000000 
 19045 10984000000000 
 19049 10984000000000 
 19053 10984000000000 
 19057 10984000000000 
 19061 10984000000000 
 19065 10984000000000 
 19069 10984000000000 
 19073 10984000000000 
 19077 10984000000000 
 19081 10984000000000 
 19085 10984000000000 
 19089 10984000000000 
 19093 10984000000000 
 19097 10984000000000 
 19101 10984000000000 
 19105 10984000000000 
 19109 10984000000000 
 19113 10984000000000 
 19117 10984000000000 
 19121 10984000000000 
 19125 10984000000000 
 19129 10984000000000 
 19133 10984000000000 
 19137 10984000000000 
 19141 10984000000000 
 19145 10984000000000 
 19149 10984000000000 
 19153 10984000000000 
 19157 10984000000000 
 19161 10984000000000 
 19165 10984000000000 
 19169 10984000000000 
 19173 10984000000000 
 19177 10984000000000 
 19181 10984000000000 
 19185 10984000000000 
 19189 10984000000000 
 19193 10984000000000 
 19197 10984000000000 
 19201 10984000000000 
 19205 10984000000000 
 19209 10984000000000 
 19213 10984000000000 
 19217 10984000000000 
 19221 10984000000000 
 19225 10984000000000 
 19229 10984000000000 
 19233 10984000000000 
 19237 10984000000000 
 19241 10984000000000 
 19245 10984000000000 
 19249 10984000000000 
 19253 10984000000000 
 19257 10984000000000 
 19261 10984000000000 
 19265 10984000000000 
 19269 10984000000000 
 19273 10984000000000 
 19277 10984000000000 
 19281 10984000000000 
 19285 10984000000000 
 19289 10984000000000 
 19293 10984000000000 
 19297 10984000000000 
 19301 10984000000000 
 19305 10984000000000 
 19309 10984000000000 
 19313 10984000000000 
 19317 10984000000000 
 19321 10984000000000 
 19325 10984000000000 
 19329 10984000000000 
 19333 10984000000000 
 19337 10984000000000 
 19341 10984000000000 
 19345 10984000000000 
 19349 10984000000000 
 19353 10984000000000 
 19357 10984000000000 
 19361 10984000000000 
 19365 10984000000000 
 19369 10984000000000 
 19373 10984000000000 
 19377 10984000000000 
 19381 10984000000000 
 19385 10984000000000 
 19389 10984000000000 
 19393 10984000000000 
 19397 10984000000000 
 19401 10984000000000 
 19405 10984000000000 
 19409 10984000000000 
 19413 10984000000000 
 19417 10984000000000 
 19421 10984000000000 
 19425 10984000000000 
 19429 10984000000000 
 19433 10984000000000 
 19437 10984000000000 
 19441 10984000000000 
 19445 10984000000000 
 19449 10984000000000 
 19453 10984000000000 
 19457 10984000000000 
 19461 10984000000000 
 19465 10984000000000 
 19469 10984000000000 
 19473 10984000000000 
 19477 10984000000000 
 19481 10984000000000 
 19485 10984000000000 
 19489 10984000000000 
 19493 10984000000000 
 19497 10984000000000 
 19501 10984000000000 
 19505 10984000000000 
 19509 10984000000000 
 19513 10984000000000 
 19517 10984000000000 
 19521 10984000000000 
 19525 10984000000000 
 19529 10984000000000 
 19533 10984000000000 
 19537 10984000000000 
 19541 10984000000000 
 19545 10984000000000 
 19549 10984000000000 
 19553 10984000000000 
 19557 10984000000000 
 19561 10984000000000 
 19565 10984000000000 
 19569 10984000000000 
 19573 10984000000000 
 19577 10984000000000 
 19581 10984000000000 
 19585 10984000000000 
 19589 10984000000000 
 19593 10984000000000 
 19597 10984000000000 
 19601 10984000000000 
 19605 10984000000000 
 19609 10984000000000 
 19613 10984000000000 
 19617 10984000000000 
 19621 10984000000000 
 19625 10984000000000 
 19629 10984000000000 
 19633 10984000000000 
 19637 10984000000000 
 19641 10984000000000 
 19645 10984000000000 
 19649 10984000000000 
 19653 10984000000000 
 19657 10984000000000 
 19661 10984000000000 
 19665 10984000000000 
 19669 10984000000000 
 19673 10984000000000 
 19677 10984000000000 
 19681 10984000000000 
 19685 10984000000000 
 19689 10984000000000 
 19693 10984000000000 
 19697 10984000000000 
 19701 10984000000000 
 19705 10984000000000 
 19709 10984000000000 
 19713 10984000000000 
 19717 10984000000000 
 19721 10984000000000 
 19725 10984000000000 
 19729 10984000000000 
 19733 10984000000000 
 19737 10984000000000 
 19741 10984000000000 
 19745 10984000000000 
 19749 10984000000000 
 19753 10984000000000 
 19757 10984000000000 
 19761 10984000000000 
 19765 10984000000000 
 19769 10984000000000 
 19773 10984000000000 
 19777 10984000000000 
 19781 10984000000000 
 19785 10984000000000 
 19789 10984000000000 
 19793 10984000000000 
 19797 10984000000000 
 19801 10984000000000 
 19805 10984000000000 
 19809 10984000000000 
 19813 10984000000000 
 19817 10984000000000 
 19821 10984000000000 
 19825 10984000000000 
 19829 10984000000000 
 19833 10984000000000 
 19837 10984000000000 
 19841 10984000000000 
 19845 10984000000000 
 19849 10984000000000 
 19853 10984000000000 
 19857 10984000000000 
 19861 10984000000000 
 19865 10984000000000 
 19869 10984000000000 
 19873 10984000000000 
 19877 10984000000000 
 19881 10984000000000 
 19885 10984000000000 
 19889 10984000000000 
 19893 10984000000000 
 19897 10984000000000 
 19901 10984000000000 
 19905 10984000000000 
 19909 10984000000000 
 19913 10984000000000 
 19917 10984000000000 
 19921 10984000000000 
 19925 10984000000000 
 19929 10984000000000 
 19933 10984000000000 
 19937 10984000000000 
 19941 10984000000000 
 19945 10984000000000 
 19949 10984000000000 
 19953 10984000000000 
 19957 10984000000000 
 19961 10984000000000 
 19965 10984000000000 
 19969 10984000000000 
 19973 10984000000000 
 19977 10984000000000 
 19981 10984000000000 
 19985 10984000000000 
 19989 10984000000000 
 19993 10984000000000 
 19997 10984000000000 
 16001 10984000000000 
 16005 10984000000000 
 16009 10984000000000 
 16013 10984000000000 
 16017 10984000000000 
 16021 10984000000000 
 16025 10984000000000 
 16029 10984000000000 
 16033 10984000000000 
 16037 10984000000000 
 16041 10984000000000 
 16045 10984000000000 
 16049 10984000000000 
 16053 10984000000000 
 16057 10984000000000 
 16061 10984000000000 
 16065 10984000000000 
 16069 10984000000000 
 16073 10984000000000 
 16077 10984000000000 
 16081 10984000000000 
 16085 10984000000000 
 16089 10984000000000 
 16093 10984000000000 
 16097 10984000000000 
 16101 10984000000000 
 16105 10984000000000 
 16109 10984000000000 
 16113 10984000000000 
 16117 10984000000000 
 16121 10984000000000 
 16125 10984000000000 
 16129 10984000000000 
 16133 10984000000000 
 16137 10984000000000 
 16141 10984000000000 
 16145 10984000000000 
 16149 10984000000000 
 16153 10984000000000 
 16157 10984000000000 
 16161 10984000000000 
 16165 10984000000000 
 16169 10984000000000 
 16173 10984000000000 
 16177 10984000000000 
 16181 10984000000000 
 16185 10984000000000 
 16189 10984000000000 
 16193 10984000000000 
 16197 10984000000000 
 16201 10984000000000 
 16205 10984000000000 
 16209 10984000000000 
 16213 10984000000000 
 16217 10984000000000 
 16221 10984000000000 
 16225 10984000000000 
 16229 10984000000000 
 16233 10984000000000 
 16237 10984000000000 
 16241 10984000000000 
 16245 10984000000000 
 16249 10984000000000 
 16253 10984000000000 
 16257 10984000000000 
 16261 10984000000000 
 16265 10984000000000 
 16269 10984000000000 
 16273 10984000000000 
 16277 10984000000000 
 16281 10984000000000 
 16285 10984000000000 
 16289 10984000000000 
 16293 10984000000000 
 16297 10984000000000 
 16301 10984000000000 
 16305 10984000000000 
 16309 10984000000000 
 16313 10984000000000 
 16317 10984000000000 
 16321 10984000000000 
 16325 10984000000000 
 16329 10984000000000 
 16333 10984000000000 
 16337 10984000000000 
 16341 10984000000000 
 16345 10984000000000 
 16349 10984000000000 
 16353 10984000000000 
 16357 10984000000000 
 16361 10984000000000 
 16365 10984000000000 
 16369 10984000000000 
 16373 10984000000000 
 16377 10984000000000 
 16381 10984000000000 
 16385 10984000000000 
 16389 10984000000000 
 16393 10984000000000 
 16397 10984000000000 
 16401 10984000000000 
 16405 10984000000000 
 16409 10984000000000 
 16413 10984000000000 
 16417 10984000000000 
 16421 10984000000000 
 16425 10984000000000 
 16429 10984000000000 
 16433 10984000000000 
 16437 10984000000000 
 16441 10984000000000 
 16445 10984000000000 
 16449 10984000000000 
 16453 10984000000000 
 16457 10984000000000 
 16461 10984000000000 
 16465 10984000000000 
 16469 10984000000000 
 16473 10984000000000 
 16477 10984000000000 
 16481 10984000000000 
 16485 10984000000000 
 16489 10984000000000 
 16493 10984000000000 
 16497 10984000000000 
 16501 10984000000000 
 16505 10984000000000 
 16509 10984000000000 
 16513 10984000000000 
 16517 10984000000000 
 16521 10984000000000 
 16525 10984000000000 
 16529 10984000000000 
 16533 10984000000000 
 16537 10984000000000 
 16541 10984000000000 
 16545 10984000000000 
 16549 10984000000000 
 16553 10984000000000 
 16557 10984000000000 
 16561 10984000000000 
 16565 10984000000000 
 16569 10984000000000 
 16573 10984000000000 
 16577 10984000000000 
 16581 10984000000000 
 16585 10984000000000 
 16589 10984000000000 
 16593 10984000000000 
 16597 10984000000000 
 16601 10984000000000 
 16605 10984000000000 
 16609 10984000000000 
 16613 10984000000000 
 16617 10984000000000 
 16621 10984000000000 
 16625 10984000000000 
 16629 10984000000000 
 16633 10984000000000 
 16637 10984000000000 
 16641 10984000000000 
 16645 10984000000000 
 16649 10984000000000 
 16653 10984000000000 
 16657 10984000000000 
 16661 10984000000000 
 16665 10984000000000 
 16669 10984000000000 
 16673 10984000000000 
 16677 10984000000000 
 16681 10984000000000 
 16685 10984000000000 
 16689 10984000000000 
 16693 10984000000000 
 16697 10984000000000 
 16701 10984000000000 
 16705 10984000000000 
 16709 10984000000000 
 16713 10984000000000 
 16717 10984000000000 
 16721 10984000000000 
 16725 10984000000000 
 16729 10984000000000 
 16733 10984000000000 
 16737 10984000000000 
 16741 10984000000000 
 16745 10984000000000 
 16749 10984000000000 
 16753 10984000000000 
 16757 10984000000000 
 16761 10984000000000 
 16765 10984000000000 
 16769 10984000000000 
 16773 10984000000000 
 16777 10984000000000 
 16781 10984000000000 
 16785 10984000000000 
 16789 10984000000000 
 16793 10984000000000 
 16797 10984000000000 
 16801 10984000000000 
 16805 10984000000000 
 16809 10984000000000 
 16813 10984000000000 
 16817 10984000000000 
 16821 10984000000000 
 16825 10984000000000 
 16829 10984000000000 
 16833 10984000000000 
 16837 10984000000000 
 16841 10984000000000 
 16845 10984000000000 
 16849 10984000000000 
 16853 10984000000000 
 16857 10984000000000 
 16861 10984000000000 
 16865 10984000000000 
 16869 10984000000000 
 16873 10984000000000 
 16877 10984000000000 
 16881 10984000000000 
 16885 10984000000000 
 16889 10984000000000 
 16893 10984000000000 
 16897 10984000000000 
 16901 10984000000000 
 16905 10984000000000 
 16909 10984000000000 
 16913 10984000000000 
 16917 10984000000000 
 16921 10984000000000 
 16925 10984000000000 
 16929 10984000000000 
 16933 10984000000000 
 16937 10984000000000 
 16941 10984000000000 
 16945 10984000000000 
 16949 10984000000000 
 16953 10984000000000 
 16957 10984000000000 
 16961 10984000000000 
 16965 10984000000000 
 16969 10984000000000 
 16973 10984000000000 
 16977 10984000000000 
 16981 10984000000000 
 16985 10984000000000 
 16989 10984000000000 
 16993 10984000000000 
 16997 10984000000000 
 17001 10984000000000 
 17005 10984000000000 
 17009 10984000000000 
 17013 10984000000000 
 17017 10984000000000 
 17021 10984000000000 
 17025 10984000000000 
 17029 10984000000000 
 17033 10984000000000 
 17037 10984000000000 
 17041 10984000000000 
 17045 10984000000000 
 17049 10984000000000 
 17053 10984000000000 
 17057 10984000000000 
 17061 10984000000000 
 17065 10984000000000 
 17069 10984000000000 
 17073 10984000000000 
 17077 10984000000000 
 17081 10984000000000 
 17085 10984000000000 
 17089 10984000000000 
 17093 10984000000000 
 17097 10984000000000 
 17101 10984000000000 
 17105 10984000000000 
 17109 10984000000000 
 17113 10984000000000 
 17117 10984000000000 
 17121 10984000000000 
 17125 10984000000000 
 17129 10984000000000 
 17133 10984000000000 
 17137 10984000000000 
 17141 10984000000000 
 17145 10984000000000 
 17149 10984000000000 
 17153 10984000000000 
 17157 10984000000000 
 17161 10984000000000 
 17165 10984000000000 
 17169 10984000000000 
 17173 10984000000000 
 17177 10984000000000 
 17181 10984000000000 
 17185 10984000000000 
 17189 10984000000000 
 17193 10984000000000 
 17197 10984000000000 
 17201 10984000000000 
 17205 10984000000000 
 17209 10984000000000 
 17213 10984000000000 
 17217 10984000000000 
 17221 10984000000000 
 17225 10984000000000 
 17229 10984000000000 
 17233 10984000000000 
 17237 10984000000000 
 17241 10984000000000 
 17245 10984000000000 
 17249 10984000000000 
 17253 10984000000000 
 17257 10984000000000 
 17261 10984000000000 
 17265 10984000000000 
 17269 10984000000000 
 17273 10984000000000 
 17277 10984000000000 
 17281 10984000000000 
 17285 10984000000000 
 17289 10984000000000 
 17293 10984000000000 
 17297 10984000000000 
 17301 10984000000000 
 17305 10984000000000 
 17309 10984000000000 
 17313 10984000000000 
 17317 10984000000000 
 17321 10984000000000 
 17325 10984000000000 
 17329 10984000000000 
 17333 10984000000000 
 17337 10984000000000 
 17341 10984000000000 
 17345 10984000000000 
 17349 10984000000000 
 17353 10984000000000 
 17357 10984000000000 
 17361 10984000000000 
 17365 10984000000000 
 17369 10984000000000 
 17373 10984000000000 
 17377 10984000000000 
 17381 10984000000000 
 17385 10984000000000 
 17389 10984000000000 
 17393 10984000000000 
 17397 10984000000000 
 17401 10984000000000 
 17405 10984000000000 
 17409 10984000000000 
 17413 10984000000000 
 17417 10984000000000 
 17421 10984000000000 
 17425 10984000000000 
 17429 10984000000000 
 17433 10984000000000 
 17437 10984000000000 
 17441 10984000000000 
 17445 10984000000000 
 17449 10984000000000 
 17453 10984000000000 
 17457 10984000000000 
 17461 10984000000000 
 17465 10984000000000 
 17469 10984000000000 
 17473 10984000000000 
 17477 10984000000000 
 17481 10984000000000 
 17485 10984000000000 
 17489 10984000000000 
 17493 10984000000000 
 17497 10984000000000 
 17501 10984000000000 
 17505 10984000000000 
 17509 10984000000000 
 17513 10984000000000 
 17517 10984000000000 
 17521 10984000000000 
 17525 10984000000000 
 17529 10984000000000 
 17533 10984000000000 
 17537 10984000000000 
 17541 10984000000000 
 17545 10984000000000 
 17549 10984000000000 
 17553 10984000000000 
 17557 10984000000000 
 17561 10984000000000 
 17565 10984000000000 
 17569 10984000000000 
 17573 10984000000000 
 17577 10984000000000 
 17581 10984000000000 
 17585 10984000000000 
 17589 10984000000000 
 17593 10984000000000 
 17597 10984000000000 
 17601 10984000000000 
 17605 10984000000000 
 17609 10984000000000 
 17613 10984000000000 
 17617 10984000000000 
 17621 10984000000000 
 17625 10984000000000 
 17629 10984000000000 
 17633 10984000000000 
 17637 10984000000000 
 17641 10984000000000 
 17645 10984000000000 
 17649 10984000000000 
 17653 10984000000000 
 17657 10984000000000 
 17661 10984000000000 
 17665 10984000000000 
 17669 10984000000000 
 17673 10984000000000 
 17677 10984000000000 
 17681 10984000000000 
 17685 10984000000000 
 17689 10984000000000 
 17693 10984000000000 
 17697 10984000000000 
 17701 10984000000000 
 17705 10984000000000 
 17709 10984000000000 
 17713 10984000000000 
 17717 10984000000000 
 17721 10984000000000 
 17725 10984000000000 
 17729 10984000000000 
 17733 10984000000000 
 17737 10984000000000 
 17741 10984000000000 
 17745 10984000000000 
 17749 10984000000000 
 17753 10984000000000 
 17757 10984000000000 
 17761 10984000000000 
 17765 10984000000000 
 17769 10984000000000 
 17773 10984000000000 
 17777 10984000000000 
 17781 10984000000000 
 17785 10984000000000 
 17789 10984000000000 
 17793 10984000000000 
 17797 10984000000000 
 17801 10984000000000 
 17805 10984000000000 
 17809 10984000000000 
 17813 10984000000000 
 17817 10984000000000 
 17821 10984000000000 
 17825 10984000000000 
 17829 10984000000000 
 17833 10984000000000 
 17837 10984000000000 
 17841 10984000000000 
 17845 10984000000000 
 17849 10984000000000 
 17853 10984000000000 
 17857 10984000000000 
 17861 10984000000000 
 17865 10984000000000 
 17869 10984000000000 
 17873 10984000000000 
 17877 10984000000000 
 17881 10984000000000 
 17885 10984000000000 
 17889 10984000000000 
 17893 10984000000000 
 17897 10984000000000 
 17901 10984000000000 
 17905 10984000000000 
 17909 10984000000000 
 17913 10984000000000 
 17917 10984000000000 
 17921 10984000000000 
 17925 10984000000000 
 17929 10984000000000 
 17933 10984000000000 
 17937 10984000000000 
 17941 10984000000000 
 17945 10984000000000 
 17949 10984000000000 
 17953 10984000000000 
 17957 10984000000000 
 17961 10984000000000 
 17965 10984000000000 
 17969 10984000000000 
 17973 10984000000000 
 17977 10984000000000 
 17981 10984000000000 
 17985 10984000000000 
 17989 10984000000000 
 17993 10984000000000 
 17997 10984000000000 
 18001 10984000000000 
 18005 10984000000000 
 18009 10984000000000 
 18013 10984000000000 
 18017 10984000000000 
 18021 10984000000000 
 18025 10984000000000 
 18029 10984000000000 
 18033 10984000000000 
 18037 10984000000000 
 18041 10984000000000 
 18045 10984000000000 
 18049 10984000000000 
 18053 10984000000000 
 18057 10984000000000 
 18061 10984000000000 
 18065 10984000000000 
 18069 10984000000000 
 18073 10984000000000 
 18077 10984000000000 
 18081 10984000000000 
 18085 10984000000000 
 18089 10984000000000 
 18093 10984000000000 
 18097 10984000000000 
 18101 10984000000000 
 18105 10984000000000 
 18109 10984000000000 
 18113 10984000000000 
 18117 10984000000000 
 18121 10984000000000 
 18125 10984000000000 
 18129 10984000000000 
 18133 10984000000000 
 18137 10984000000000 
 18141 10984000000000 
 18145 10984000000000 
 18149 10984000000000 
 18153 10984000000000 
 18157 10984000000000 
 18161 10984000000000 
 18165 10984000000000 
 18169 10984000000000 
 18173 10984000000000 
 18177 10984000000000 
 18181 10984000000000 
 18185 10984000000000 
 18189 10984000000000 
 18193 10984000000000 
 18197 10984000000000 
 18201 10984000000000 
 18205 10984000000000 
 18209 10984000000000 
 18213 10984000000000 
 18217 10984000000000 
 18221 10984000000000 
 18225 10984000000000 
 18229 10984000000000 
 18233 10984000000000 
 18237 10984000000000 
 18241 10984000000000 
 18245 10984000000000 
 18249 10984000000000 
 18253 10984000000000 
 18257 10984000000000 
 18261 10984000000000 
 18265 10984000000000 
 18269 10984000000000 
 18273 10984000000000 
 18277 10984000000000 
 18281 10984000000000 
 18285 10984000000000 
 18289 10984000000000 
 18293 10984000000000 
 18297 10984000000000 
 18301 10984000000000 
 18305 10984000000000 
 18309 10984000000000 
 18313 10984000000000 
 18317 10984000000000 
 18321 10984000000000 
 18325 10984000000000 
 18329 10984000000000 
 18333 10984000000000 
 18337 10984000000000 
 18341 10984000000000 
 18345 10984000000000 
 18349 10984000000000 
 18353 10984000000000 
 18357 10984000000000 
 18361 10984000000000 
 18365 10984000000000 
 18369 10984000000000 
 18373 10984000000000 
 18377 10984000000000 
 18381 10984000000000 
 18385 10984000000000 
 18389 10984000000000 
 18393 10984000000000 
 18397 10984000000000 
 18401 10984000000000 
 18405 10984000000000 
 18409 10984000000000 
 18413 10984000000000 
 18417 10984000000000 
 18421 10984000000000 
 18425 10984000000000 
 18429 10984000000000 
 18433 10984000000000 
 18437 10984000000000 
 18441 10984000000000 
 18445 10984000000000 
 18449 10984000000000 
 18453 10984000000000 
 18457 10984000000000 
 18461 10984000000000 
 18465 10984000000000 
 18469 10984000000000 
 18473 10984000000000 
 18477 10984000000000 
 18481 10984000000000 
 18485 10984000000000 
 18489 10984000000000 
 18493 10984000000000 
 18497 10984000000000 
 18501 10984000000000 
 18505 10984000000000 
 18509 10984000000000 
 18513 10984000000000 
 18517 10984000000000 
 18521 10984000000000 
 18525 10984000000000 
 18529 10984000000000 
 18533 10984000000000 
 18537 10984000000000 
 18541 10984000000000 
 18545 10984000000000 
 18549 10984000000000 
 18553 10984000000000 
 18557 10984000000000 
 18561 10984000000000 
 18565 10984000000000 
 18569 10984000000000 
 18573 10984000000000 
 18577 10984000000000 
 18581 10984000000000 
 18585 10984000000000 
 18589 10984000000000 
 18593 10984000000000 
 18597 10984000000000 
 18601 10984000000000 
 18605 10984000000000 
 18609 10984000000000 
 18613 10984000000000 
 18617 10984000000000 
 18621 10984000000000 
 18625 10984000000000 
 18629 10984000000000 
 18633 10984000000000 
 18637 10984000000000 
 18641 10984000000000 
 18645 10984000000000 
 18649 10984000000000 
 18653 10984000000000 
 18657 10984000000000 
 18661 10984000000000 
 18665 10984000000000 
 18669 10984000000000 
 18673 10984000000000 
 18677 10984000000000 
 18681 10984000000000 
 18685 10984000000000 
 18689 10984000000000 
 18693 10984000000000 
 18697 10984000000000 
 18701 10984000000000 
 18705 10984000000000 
 18709 10984000000000 
 18713 10984000000000 
 18717 10984000000000 
 18721 10984000000000 
 18725 10984000000000 
 18729 10984000000000 
 18733 10984000000000 
 18737 10984000000000 
 18741 10984000000000 
 18745 10984000000000 
 18749 10984000000000 
 18753 10984000000000 
 18757 10984000000000 
 18761 10984000000000 
 18765 10984000000000 
 18769 10984000000000 
 18773 10984000000000 
 18777 10984000000000 
 18781 10984000000000 
 18785 10984000000000 
 18789 10984000000000 
 18793 10984000000000 
 18797 10984000000000 
 18801 10984000000000 
 18805 10984000000000 
 18809 10984000000000 
 18813 10984000000000 
 18817 10984000000000 
 18821 10984000000000 
 18825 10984000000000 
 18829 10984000000000 
 18833 10984000000000 
 18837 10984000000000 
 18841 10984000000000 
 18845 10984000000000 
 18849 10984000000000 
 18853 10984000000000 
 18857 10984000000000 
 18861 10984000000000 
 18865 10984000000000 
 18869 10984000000000 
 18873 10984000000000 
 18877 10984000000000 
 18881 10984000000000 
 18885 10984000000000 
 18889 10984000000000 
 18893 10984000000000 
 18897 10984000000000 
 18901 10984000000000 
 18905 10984000000000 
 18909 10984000000000 
 18913 10984000000000 
 18917 10984000000000 
 18921 10984000000000 
 18925 10984000000000 
 18929 10984000000000 
 18933 10984000000000 
 18937 10984000000000 
 18941 10984000000000 
 18945 10984000000000 
 18949 10984000000000 
 18953 10984000000000 
 18957 10984000000000 
 18961 10984000000000 
 18965 10984000000000 
 18969 10984000000000 
 18973 10984000000000 
 18977 10984000000000 
 18981 10984000000000 
 18985 10984000000000 
 18989 10984000000000 
 18993 10984000000000 
 18997 10984000000000 
 19001 10984000000000 
 19005 10984000000000 
 19009 10984000000000 
 19013 10984000000000 
 19017 10984000000000 
 19021 10984000000000 
 19025 10984000000000 
 19029 10984000000000 
 19033 10984000000000 
 19037 10984000000000 
 19041 10984000000000 
 19045 10984000000000 
 19049 10984000000000 
 19053 10984000000000 
 19057 10984000000000 
 19061 10984000000000 
 19065 10984000000000 
 19069 10984000000000 
 19073 10984000000000 
 19077 10984000000000 
 19081 10984000000000 
 19085 10984000000000 
 19089 10984000000000 
 19093 10984000000000 
 19097 10984000000000 
 19101 10984000000000 
 19105 10984000000000 
 19109 10984000000000 
 19113 10984000000000 
 19117 10984000000000 
 19121 10984000000000 
 19125 10984000000000 
 19129 10984000000000 
 19133 10984000000000 
 19137 10984000000000 
 19141 10984000000000 
 19145 10984000000000 
 19149 10984000000000 
 19153 10984000000000 
 19157 10984000000000 
 19161 10984000000000 
 19165 10984000000000 
 19169 10984000000000 
 19173 10984000000000 
 19177 10984000000000 
 19181 10984000000000 
 19185 10984000000000 
 19189 10984000000000 
 19193 10984000000000 
 19197 10984000000000 
 19201 10984000000000 
 19205 10984000000000 
 19209 10984000000000 
 19213 10984000000000 
 19217 10984000000000 
 19221 10984000000000 
 19225 10984000000000 
 19229 10984000000000 
 19233 10984000000000 
 19237 10984000000000 
 19241 10984000000000 
 19245 10984000000000 
 19249 10984000000000 
 19253 10984000000000 
 19257 10984000000000 
 19261 10984000000000 
 19265 10984000000000 
 19269 10984000000000 
 19273 10984000000000 
 19277 10984000000000 
 19281 10984000000000 
 19285 10984000000000 
 19289 10984000000000 
 19293 10984000000000 
 19297 10984000000000 
 19301 10984000000000 
 19305 10984000000000 
 19309 10984000000000 
 19313 10984000000000 
 19317 10984000000000 
 19321 10984000000000 
 19325 10984000000000 
 19329 10984000000000 
 19333 10984000000000 
 19337 10984000000000 
 19341 10984000000000 
 19345 10984000000000 
 19349 10984000000000 
 19353 10984000000000 
 19357 10984000000000 
 19361 10984000000000 
 19365 10984000000000 
 19369 10984000000000 
 19373 10984000000000 
 19377 10984000000000 
 19381 10984000000000 
 19385 10984000000000 
 19389 10984000000000 
 19393 10984000000000 
 19397 10984000000000 
 19401 10984000000000 
 19405 10984000000000 
 19409 10984000000000 
 19413 10984000000000 
 19417 10984000000000 
 19421 10984000000000 
 19425 10984000000000 
 19429 10984000000000 
 19433 10984000000000 
 19437 10984000000000 
 19441 10984000000000 
 19445 10984000000000 
 19449 10984000000000 
 19453 10984000000000 
 19457 10984000000000 
 19461 10984000000000 
 19465 10984000000000 
 19469 10984000000000 
 19473 10984000000000 
 19477 10984000000000 
 19481 10984000000000 
 19485 10984000000000 
 19489 10984000000000 
 19493 10984000000000 
 19497 10984000000000 
 19501 10984000000000 
 19505 10984000000000 
 19509 10984000000000 
 19513 10984000000000 
 19517 10984000000000 
 19521 10984000000000 
 19525 10984000000000 
 19529 10984000000000 
 19533 10984000000000 
 19537 10984000000000 
 19541 10984000000000 
 19545 10984000000000 
 19549 10984000000000 
 19553 10984000000000 
 19557 10984000000000 
 19561 10984000000000 
 19565 10984000000000 
 19569 10984000000000 
 19573 10984000000000 
 19577 10984000000000 
 19581 10984000000000 
 19585 10984000000000 
 19589 10984000000000 
 19593 10984000000000 
 19597 10984000000000 
 19601 10984000000000 
 19605 10984000000000 
 19609 10984000000000 
 19613 10984000000000 
 19617 10984000000000 
 19621 10984000000000 
 19625 10984000000000 
 19629 10984000000000 
 19633 10984000000000 
 19637 10984000000000 
 19641 10984000000000 
 19645 10984000000000 
 19649 10984000000000 
 19653 10984000000000 
 19657 10984000000000 
 19661 10984000000000 
 19665 10984000000000 
 19669 10984000000000 
 19673 10984000000000 
 19677 10984000000000 
 19681 10984000000000 
 19685 10984000000000 
 19689 10984000000000 
 19693 10984000000000 
 19697 10984000000000 
 19701 10984000000000 
 19705 10984000000000 
 19709 10984000000000 
 19713 10984000000000 
 19717 10984000000000 
 19721 10984000000000 
 19725 10984000000000 
 19729 10984000000000 
 19733 10984000000000 
 19737 10984000000000 
 19741 10984000000000 
 19745 10984000000000 
 19749 10984000000000 
 19753 10984000000000 
 19757 10984000000000 
 19761 10984000000000 
 19765 10984000000000 
 19769 10984000000000 
 19773 10984000000000 
 19777 10984000000000 
 19781 10984000000000 
 19785 10984000000000 
 19789 10984000000000 
 19793 10984000000000 
 19797 10984000000000 
 19801 10984000000000 
 19805 10984000000000 
 19809 10984000000000 
 19813 10984000000000 
 19817 10984000000000 
 19821 10984000000000 
 19825 10984000000000 
 19829 10984000000000 
 19833 10984000000000 
 19837 10984000000000 
 19841 10984000000000 
 19845 10984000000000 
 19849 10984000000000 
 19853 10984000000000 
 19857 10984000000000 
 19861 10984000000000 
 19865 10984000000000 
 19869 10984000000000 
 19873 10984000000000 
 19877 10984000000000 
 19881 10984000000000 
 19885 10984000000000 
 19889 10984000000000 
 19893 10984000000000 
 19897 10984000000000 
 19901 10984000000000 
 19905 10984000000000 
 19909 10984000000000 
 19913 10984000000000 
 19917 10984000000000 
 19921 10984000000000 
 19925 10984000000000 
 19929 10984000000000 
 19933 10984000000000 
 19937 10984000000000 
 19941 10984000000000 
 19945 10984000000000 
 19949 10984000000000 
 19953 10984000000000 
 19957 10984000000000 
 19961 10984000000000 
 19965 10984000000000 
 19969 10984000000000 
 19973 10984000000000 
 19977 10984000000000 
 19981 10984000000000 
 19985 10984000000000 
 19989 10984000000000 
 19993 10984000000000 
 19997 10984000000000 
