esinw ecosw obliquity co2_ppm ice 
0.0125 0.0476 22.141  552.05 10984000000000.000 
0.0438 0.0285 23.358  709.11 10984000000000.000 
0.0028 0.0086 23.679 1143.85 10984000000000.000 
0.0606 -0.0067 22.065  804.31 10984000000000.000 
0.0434 -0.0275 23.118  946.13 10984000000000.000 
0.0015 -0.0121 22.532 1140.79 10984000000000.000 
-0.0140 -0.0401 23.217  679.01 10984000000000.000 
-0.0052 0.0259 22.471  562.43 10984000000000.000 
0.0249 0.0112 24.168  727.93 8040000000000.000 
0.0246 -0.0182 22.969  660.33 8040000000000.000 
0.0396 -0.0247 22.725  640.51 8040000000000.000 
0.0034 -0.0436 23.861  622.77 8040000000000.000 
-0.0123 -0.0576 22.849  788.85 8040000000000.000 
-0.0381 0.0108 23.905  664.96 8040000000000.000 
-0.0025 0.0422 24.420  720.05 8040000000000.000 
-0.0130 0.0211 23.019  965.52 8040000000000.000 
-0.0017 0.0076 22.336  579.87 8040000000000.000 
0.0008 0.0145 23.394  918.53 7590900000000.001 
0.0187 0.0294 22.914  589.19 7590900000000.001 
0.0307 -0.0033 23.139  690.01 7590900000000.001 
0.0298 -0.0389 24.264  770.78 7590900000000.001 
-0.0276 -0.0345 23.944  686.02 7590900000000.001 
-0.0001 -0.0199 22.098  879.16 7590900000000.001 
-0.0389 0.0409 24.472  824.50 7590900000000.001 
-0.0282 0.0481 22.248  912.77 7590900000000.001 
0.0382 0.0321 22.284 1012.52 6483700000000.000 
0.0272 0.0004 23.264  727.47 6483700000000.000 
-0.0093 -0.0620 24.282  635.08 6483700000000.000 
-0.0058 -0.0121 22.158  567.33 6483700000000.000 
-0.0552 -0.0012 22.775  699.70 6483700000000.000 
-0.0467 0.0003 24.083 1083.17 6483700000000.000 
-0.0337 0.0269 23.333 1132.40 6483700000000.000 
-0.0098 0.0197 22.481 1039.65 6483700000000.000 
0.0149 0.0061 22.177 1036.13 6189300000000.000 
0.0165 -0.0002 23.322  888.86 6189300000000.000 
-0.0275 -0.0054 23.966 1070.27 6189300000000.000 
-0.0080 -0.0070 23.296  740.60 6189300000000.000 
-0.0238 -0.0040 22.323 1025.30 6189300000000.000 
-0.0212 0.0500 22.389  750.95 6189300000000.000 
-0.0060 0.0260 24.476  748.57 6189300000000.000 
-0.0053 0.0224 23.631  772.88 6189300000000.000 
0.0013 0.0023 23.064  628.58 5679200000000.000 
0.0032 0.0442 22.275 1103.34 5679200000000.000 
0.0126 0.0375 23.607  841.91 5679200000000.000 
0.0503 0.0145 23.234  673.57 5679200000000.000 
0.0610 -0.0016 24.038  646.23 5679200000000.000 
0.0418 -0.0093 23.717  574.01 5679200000000.000 
-0.0002 -0.0445 22.011 1005.62 5679200000000.000 
-0.0023 -0.0397 24.058  782.61 5679200000000.000 
-0.0560 0.0036 22.214 1112.03 5679200000000.000 
0.0255 -0.0175 22.893  594.46 4288500000000.000 
0.0148 -0.0455 23.477 1121.06 4288500000000.000 
0.0002 -0.0270 23.804  556.10 4288500000000.000 
-0.0036 -0.0158 22.943  736.85 4288500000000.000 
-0.0170 -0.0187 23.545  812.35 4288500000000.000 
-0.0221 -0.0266 24.208  884.15 4288500000000.000 
-0.0501 0.0290 23.883  982.12 4288500000000.000 
-0.0188 0.0560 24.334 1097.18 4288500000000.000 
0.0038 0.0480 23.670 1050.69 5166600000000.000 
0.0034 0.0475 24.122  956.12 5166600000000.000 
0.0119 0.0206 24.324 1087.70 5166600000000.000 
0.0516 0.0094 23.554  854.76 5166600000000.000 
0.0097 -0.0044 22.757  813.30 5166600000000.000 
-0.0006 -0.0389 22.680  614.39 5166600000000.000 
-0.0096 -0.0273 22.523  800.95 5166600000000.000 
-0.0278 0.0030 22.707  604.68 5166600000000.000 
-0.0406 0.0038 22.029  649.95 5166600000000.000 
0.0224 -0.0030 22.570  666.32 2853500000000.000 
0.0062 -0.0305 24.024  873.96 2853500000000.000 
0.0193 -0.0281 22.624  625.03 2853500000000.000 
0.0108 -0.0078 23.984  904.77 2853500000000.000 
-0.0113 -0.0278 22.818  959.16 2853500000000.000 
-0.0071 -0.0088 22.655  758.18 2853500000000.000 
-0.0490 -0.0072 24.441  830.42 2853500000000.000 
-0.0024 0.0303 23.181  587.30 2853500000000.000 
0.0242 0.0332 23.079  574.99 2007600000000.000 
0.0082 0.0403 22.449  925.36 2007600000000.000 
0.0214 0.0306 24.187  597.87 2007600000000.000 
0.0150 -0.0002 22.361  856.40 2007600000000.000 
0.0029 -0.0342 23.505 1054.30 2007600000000.000 
0.0012 -0.0303 23.448  896.89 2007600000000.000 
0.0068 -0.0060 23.164  716.84 2007600000000.000 
-0.0108 -0.0017 23.729  993.92 2007600000000.000 
0.0067 0.0033 22.631  611.04 1000000000000.000 
0.0608 0.0027 24.233  844.03 1000000000000.000 
0.0371 -0.0028 22.990  652.15 1000000000000.000 
0.0154 -0.0149 22.858 1061.66 1000000000000.000 
-0.0420 -0.0098 24.136  868.40 1000000000000.000 
-0.0321 0.0011 23.833  706.61 1000000000000.000 
-0.0366 0.0130 23.033  691.83 1000000000000.000 
-0.0014 0.0167 23.767  831.95 1000000000000.000 
-0.0394 0.0098 22.421  790.99 1000000000000.000 
0.0320 0.0272 23.586  942.01 176540000000.000 
0.0316 0.0109 23.458  988.69 176540000000.000 
0.0282 0.0067 24.383  971.59 176540000000.000 
-0.0078 -0.0019 24.374  765.13 176540000000.000 
-0.0147 -0.0109 22.598  607.52 176540000000.000 
-0.0298 -0.0034 22.105  929.82 176540000000.000 
-0.0414 0.0046 23.798 1021.26 176540000000.000 
-0.0059 0.0044 23.406  562.17 176540000000.000 
