  8001 169974920000000 
  8005 151341210000000 
  8009 225818960000000 
  8013 302478680000000 
  8017 413289000000000 
  8021 532047330000000 
  8025 660417550000000 
  8029 792790910000000 
  8033 980955480000000 
  8037 1207100900000000 
  8041 1305695300000000 
  8045 1344515500000000 
  8049 1508668800000000 
  8053 1805387300000000 
  8057 1911293700000000 
  8061 1824475100000000 
  8065 1815150000000000 
  8069 1906250300000000 
  8073 2052856600000000 
  8077 2182622000000000 
  8081 2322849000000000 
  8085 2373762500000000 
  8089 2325620600000000 
  8093 2095941700000000 
  8097 1579465600000000 
  8101 1116217800000000 
  8105 972011080000000 
  8109 934470410000000 
  8113 950915750000000 
  8117 995107440000000 
  8121 1063428900000000 
  8125 1167210800000000 
  8129 1320663300000000 
  8133 1444171700000000 
  8137 1469147900000000 
  8141 1461597600000000 
  8145 1537965700000000 
  8149 1717361200000000 
  8153 1536765000000000 
  8157 1239891800000000 
  8161 1119518200000000 
  8165 1148773400000000 
  8169 1211210700000000 
  8173 1269315800000000 
  8177 1286149300000000 
  8181 1358125100000000 
  8185 1343766600000000 
  8189 1031472100000000 
  8193 713035210000000 
  8197 555844700000000 
  8201 558538420000000 
  8205 614683550000000 
  8209 736199440000000 
  8213 1002749400000000 
  8217 1466634100000000 
  8221 2112861300000000 
  8225 2550638900000000 
  8229 2592091000000000 
  8233 2649539200000000 
  8237 2881470000000000 
  8241 1937913600000000 
  8245 1137158800000000 
  8249 1131583300000000 
  8253 1241167100000000 
  8257 1052848800000000 
  8261 915792890000000 
  8265 879440810000000 
  8269 1011662000000000 
  8273 1139977700000000 
  8277 839643860000000 
  8281 549185130000000 
  8285 530401950000000 
  8289 542510990000000 
  8293 567314680000000 
  8297 673094910000000 
  8301 900154650000000 
  8305 1285920900000000 
  8309 1832914400000000 
  8313 2393284100000000 
  8317 2038636500000000 
  8321 2162453700000000 
  8325 2070864700000000 
  8329 991597370000000 
  8333 621509040000000 
  8337 693697030000000 
  8341 788267030000000 
  8345 715877160000000 
  8349 600821220000000 
  8353 566217330000000 
  8357 617507070000000 
  8361 851776670000000 
  8365 711572440000000 
  8369 532463310000000 
  8373 505922220000000 
  8377 556745970000000 
  8381 610865160000000 
  8385 746531590000000 
  8389 1053645300000000 
  8393 1573358300000000 
  8397 2326161200000000 
  8401 3103534200000000 
  8405 3081169500000000 
  8409 3087351700000000 
  8413 3196113000000000 
  8417 1936290200000000 
  8421 1076087300000000 
  8425 1064829400000000 
  8429 1175275400000000 
  8433 1134575200000000 
  8437 1037840300000000 
  8441 1022473700000000 
  8445 1162536400000000 
  8449 1265396500000000 
  8453 917959180000000 
  8457 624166670000000 
  8461 514395890000000 
  8465 523759210000000 
  8469 555332410000000 
  8473 615217720000000 
  8477 766998120000000 
  8481 1032814300000000 
  8485 1415396900000000 
  8489 1618163800000000 
  8493 1709802900000000 
  8497 1715217900000000 
  8501 1759307400000000 
  8505 1987665300000000 
  8509 1800718300000000 
  8513 1368961100000000 
  8517 1170187700000000 
  8521 1209622400000000 
  8525 1310750700000000 
  8529 1379061400000000 
  8533 1479006600000000 
  8537 1647680500000000 
  8541 1854117100000000 
  8545 1928264700000000 
  8549 1577852000000000 
  8553 1070266900000000 
  8557 854345610000000 
  8561 825514780000000 
  8565 903825470000000 
  8569 1000971400000000 
  8573 1192737800000000 
  8577 1560213100000000 
  8581 2038983300000000 
  8585 2546890700000000 
  8589 2598889200000000 
  8593 2485265700000000 
  8597 2498917100000000 
  8601 2528864900000000 
  8605 1626923800000000 
  8609 903963750000000 
  8613 868246330000000 
  8617 954297160000000 
  8621 899761950000000 
  8625 764159870000000 
  8629 686783580000000 
  8633 709849240000000 
  8637 901970280000000 
  8641 732178390000000 
  8645 496042680000000 
  8649 421070940000000 
  8653 441936450000000 
  8657 452657570000000 
  8661 516542220000000 
  8665 724716380000000 
  8669 1045658800000000 
  8673 1538320000000000 
  8677 2726142200000000 
  8681 2723452700000000 
  8685 2536707800000000 
  8689 2816789600000000 
  8693 1388788200000000 
  8697 711048730000000 
  8701 990124390000000 
  8705 1083394900000000 
  8709 804985020000000 
  8713 604157820000000 
  8717 571675500000000 
  8721 680733770000000 
  8725 1373625900000000 
  8729 689663410000000 
  8733 519076510000000 
  8737 562470860000000 
  8741 573876300000000 
  8745 619637390000000 
  8749 787520750000000 
  8753 1063168600000000 
  8757 1452461700000000 
  8761 2171711500000000 
  8765 2618698500000000 
  8769 2345425500000000 
  8773 2411048700000000 
  8777 1866624300000000 
  8781 788611240000000 
  8785 633839470000000 
  8789 781448230000000 
  8793 821094510000000 
  8797 713916060000000 
  8801 629805180000000 
  8805 622164020000000 
  8809 747277880000000 
  8813 848040890000000 
  8817 678633120000000 
  8821 499389900000000 
  8825 493180440000000 
  8829 548318000000000 
  8833 631667550000000 
  8837 827303960000000 
  8841 1188640800000000 
  8845 1779370000000000 
  8849 2405752800000000 
  8853 2529654900000000 
  8857 2504034000000000 
  8861 2592354600000000 
  8865 2808831700000000 
  8869 2285617200000000 
  8873 1788443400000000 
  8877 1615156900000000 
  8881 1616653800000000 
  8885 1699892200000000 
  8889 1827713500000000 
  8893 2020652100000000 
  8897 2185130100000000 
  8901 1986314100000000 
  8905 1519426800000000 
  8909 985029110000000 
  8913 786144460000000 
  8917 738477230000000 
  8921 757904190000000 
  8925 799762980000000 
  8929 842535910000000 
  8933 892563790000000 
  8937 975734800000000 
  8941 1149038800000000 
  8945 1267331400000000 
  8949 1245741100000000 
  8953 1275497900000000 
  8957 1365904800000000 
  8961 1526353300000000 
  8965 1708952500000000 
  8969 1728061400000000 
  8973 1605798500000000 
  8977 1548140300000000 
  8981 1587272000000000 
  8985 1679924400000000 
  8989 1794017500000000 
  8993 1929011400000000 
  8997 2043817700000000 
  9001 2044281400000000 
  9005 1982345200000000 
  9009 1638271200000000 
  9013 1206787800000000 
  9017 1049450400000000 
  9021 1044428400000000 
  9025 1120947500000000 
  9029 1272400800000000 
  9033 1407225800000000 
  9037 1634825300000000 
  9041 1885088700000000 
  9045 2133464200000000 
  9049 2144096600000000 
  9053 2209602100000000 
  9057 2452065200000000 
  9061 2330445100000000 
  9065 1874217100000000 
  9069 1578716300000000 
  9073 1469488000000000 
  9077 1436516300000000 
  9081 1415099400000000 
  9085 1442430100000000 
  9089 1535623900000000 
  9093 1447018500000000 
  9097 973407060000000 
  9101 625362250000000 
  9105 525413850000000 
  9109 541510440000000 
  9113 573018020000000 
  9117 678338510000000 
  9121 912975760000000 
  9125 1334557100000000 
  9129 1686150700000000 
  9133 1840498900000000 
  9137 1914847800000000 
  9141 2099607000000000 
  9145 2033804800000000 
  9149 1475466200000000 
  9153 1191017300000000 
  9157 1268140400000000 
  9161 1335126300000000 
  9165 1391663300000000 
  9169 1506554000000000 
  9173 1749614000000000 
  9177 1865973700000000 
  9181 1423765600000000 
  9185 962358820000000 
  9189 863231680000000 
  9193 919452450000000 
  9197 1034631900000000 
  9201 1208914500000000 
  9205 1528067100000000 
  9209 1737215400000000 
  9213 1933991500000000 
  9217 1985740700000000 
  9221 2052413700000000 
  9225 2232521300000000 
  9229 2322665100000000 
  9233 2069200100000000 
  9237 1925762000000000 
  9241 1930358700000000 
  9245 1981507200000000 
  9249 2036141900000000 
  9253 2008411500000000 
  9257 1933335800000000 
  9261 1711095000000000 
  9265 1231770000000000 
  9269 992056470000000 
  9273 888458690000000 
  9277 868135710000000 
  9281 883462170000000 
  9285 925921240000000 
  9289 1000854500000000 
  9293 1125992500000000 
  9297 1321750000000000 
  9301 1447381000000000 
  9305 1540092200000000 
  9309 1646704400000000 
  9313 1775271500000000 
  9317 1888447400000000 
  9321 1980518700000000 
  9325 2010410100000000 
  9329 1971691600000000 
  9333 1887119700000000 
  9337 1804049400000000 
  9341 1738406600000000 
  9345 1709147300000000 
  9349 1723796600000000 
  9353 1784219700000000 
  9357 1892112800000000 
  9361 2004900100000000 
  9365 2126752600000000 
  9369 2237873300000000 
  9373 2367550500000000 
  9377 2432784900000000 
  9381 2436191500000000 
  9385 2397945100000000 
  9389 2341125500000000 
  9393 2223816000000000 
  9397 1891986100000000 
  9401 1402714700000000 
  9405 1021357600000000 
  9409 900908230000000 
  9413 871964760000000 
  9417 875120250000000 
  9421 896674330000000 
  9425 986279700000000 
  9429 1131992400000000 
  9433 1245372700000000 
  9437 1300881500000000 
  9441 1441722500000000 
  9445 1727378600000000 
  9449 1862816200000000 
  9453 1758178400000000 
  9457 1775971200000000 
  9461 1880824800000000 
  9465 2038165200000000 
  9469 2235346400000000 
  9473 2257571600000000 
  9477 2170109700000000 
  9481 1723934600000000 
  9485 1229128500000000 
  9489 1083991200000000 
  9493 1088787300000000 
  9497 1164831600000000 
  9501 1293822700000000 
  9505 1394448000000000 
  9509 1605786000000000 
  9513 1808034800000000 
  9517 1879554000000000 
  9521 2056234400000000 
  9525 2325989500000000 
  9529 2457003600000000 
  9533 2257715800000000 
  9537 2150783200000000 
  9541 2144554900000000 
  9545 2152753300000000 
  9549 2126485800000000 
  9553 2012825000000000 
  9557 1850437800000000 
  9561 1443075500000000 
  9565 1006837100000000 
  9569 837302090000000 
  9573 784133560000000 
  9577 781188660000000 
  9581 804224070000000 
  9585 845505400000000 
  9589 924479190000000 
  9593 1056932000000000 
  9597 1251739500000000 
  9601 1358597600000000 
  9605 1430616400000000 
  9609 1492954400000000 
  9613 1552450600000000 
  9617 1609417800000000 
  9621 1644324000000000 
  9625 1669727200000000 
  9629 1700873600000000 
  9633 1748933800000000 
  9637 1817917400000000 
  9641 1912196600000000 
  9645 2032977100000000 
  9649 2184259500000000 
  9653 2331512200000000 
  9657 2549546100000000 
  9661 2771309100000000 
  9665 2954585800000000 
  9669 3117488600000000 
  9673 3238376300000000 
  9677 3275277300000000 
  9681 3081462500000000 
  9685 2491881200000000 
  9689 1708162500000000 
  9693 1129471900000000 
  9697 1001385000000000 
  9701 977559480000000 
  9705 1005674900000000 
  9709 1091172800000000 
  9713 1241986900000000 
  9717 1394614500000000 
  9721 1485427000000000 
  9725 1517414300000000 
  9729 1675075100000000 
  9733 1827044200000000 
  9737 1520117300000000 
  9741 1295069500000000 
  9745 1247506200000000 
  9749 1273249200000000 
  9753 1291398000000000 
  9757 1327428700000000 
  9761 1452589500000000 
  9765 1491591600000000 
  9769 1112972600000000 
  9773 762094830000000 
  9777 652384310000000 
  9781 686853120000000 
  9785 746191970000000 
  9789 928994990000000 
  9793 1287073800000000 
  9797 1781323100000000 
  9801 2568590000000000 
  9805 2748823600000000 
  9809 2707636800000000 
  9813 2920341600000000 
  9817 2556109100000000 
  9821 1472470900000000 
  9825 1097746500000000 
  9829 1258834700000000 
  9833 1187640000000000 
  9837 1072226900000000 
  9841 1000168300000000 
  9845 1106052700000000 
  9849 1394375500000000 
  9853 1023426500000000 
  9857 723270940000000 
  9861 675225600000000 
  9865 702817100000000 
  9869 751374310000000 
  9873 887295530000000 
  9877 1186906800000000 
  9881 1711234300000000 
  9885 2460307100000000 
  9889 2606703100000000 
  9893 2449013900000000 
  9897 2490133400000000 
  9901 2278106900000000 
  9905 1206358500000000 
  9909 865335320000000 
  9913 934327670000000 
  9917 1017059500000000 
  9921 994733910000000 
  9925 955773690000000 
  9929 1017414700000000 
  9933 1248624100000000 
  9937 1190556900000000 
  9941 943985090000000 
  9945 707412780000000 
  9949 691563060000000 
  9953 764098440000000 
  9957 866300430000000 
  9961 1086635500000000 
  9965 1506746500000000 
  9969 1973195100000000 
  9973 2322510300000000 
  9977 2384136400000000 
  9981 2386271100000000 
  9985 2542704400000000 
  9989 2793685500000000 
  9993 2605462200000000 
  9997 2347269600000000 
 10001 2268247000000000 
 10005 2274178200000000 
 10009 2308250800000000 
 10013 2361192200000000 
 10017 2385684900000000 
 10021 2290807200000000 
 10025 2168180300000000 
 10029 1929335500000000 
 10033 1471013300000000 
 10037 1069612800000000 
 10041 911925190000000 
 10045 836952770000000 
 10049 817292170000000 
 10053 824347190000000 
 10057 843280210000000 
 10061 867037650000000 
 10065 904407370000000 
 10069 985347020000000 
 10073 1156229600000000 
 10077 1401699000000000 
 10081 1521097100000000 
 10085 1596827900000000 
 10089 1731701400000000 
 10093 2076505200000000 
 10097 2285470600000000 
 10101 2048849400000000 
 10105 1863780000000000 
 10109 1812552400000000 
 10113 1840288400000000 
 10117 1906407100000000 
 10121 1960358700000000 
 10125 2090572500000000 
 10129 2109325400000000 
 10133 1680965500000000 
 10137 1066967700000000 
 10141 804990900000000 
 10145 793668070000000 
 10149 827974100000000 
 10153 933143750000000 
 10157 1175797000000000 
 10161 1624489200000000 
 10165 2243505800000000 
 10169 3023780700000000 
 10173 2899161500000000 
 10177 2826672900000000 
 10181 2849756500000000 
 10185 1284719300000000 
 10189 713081780000000 
 10193 941266140000000 
 10197 941790770000000 
 10201 678073470000000 
 10205 523600530000000 
 10209 505801970000000 
 10213 621370170000000 
 10217 1499429900000000 
 10221 603554120000000 
 10225 461613090000000 
 10229 514527970000000 
 10233 519776980000000 
 10237 586039000000000 
 10241 812984220000000 
 10245 1079070700000000 
 10249 1384171300000000 
 10253 2375518400000000 
 10257 3161140500000000 
 10261 2754249400000000 
 10265 3107593800000000 
 10269 1559447500000000 
 10273 754303660000000 
 10277 1040053700000000 
 10281 1173708700000000 
 10285 891264160000000 
 10289 661995990000000 
 10293 616849450000000 
 10297 726568660000000 
 10301 1379045800000000 
 10305 774149880000000 
 10309 591439320000000 
 10313 646740600000000 
 10317 694268000000000 
 10321 767416620000000 
 10325 970775100000000 
 10329 1372215600000000 
 10333 1904732000000000 
 10337 2905974300000000 
 10341 2914054200000000 
 10345 2763434400000000 
 10349 2893016900000000 
 10353 2270355800000000 
 10357 1226298900000000 
 10361 977747040000000 
 10365 1054745200000000 
 10369 1133729100000000 
 10373 1148912500000000 
 10377 1176962700000000 
 10381 1331789600000000 
 10385 1435670600000000 
 10389 1271188300000000 
 10393 864811940000000 
 10397 673832780000000 
 10401 650628280000000 
 10405 721243270000000 
 10409 836284110000000 
 10413 1007072700000000 
 10417 1236160200000000 
 10421 1468499600000000 
 10425 1686460600000000 
 10429 1804193900000000 
 10433 1904218500000000 
 10437 2178013700000000 
 10441 2534396000000000 
 10445 2944005400000000 
 10449 3135852400000000 
 10453 3217145600000000 
 10457 3333608400000000 
 10461 3529944400000000 
 10465 3777855300000000 
 10469 4009487400000000 
 10473 4187264700000000 
 10477 4259742500000000 
 10481 4207222100000000 
 10485 4001790400000000 
 10489 3614891400000000 
 10493 3006115200000000 
 10497 2285678900000000 
 10501 1704808000000000 
 10505 1258521400000000 
 10509 1000717900000000 
 10513 966671270000000 
 10517 960266600000000 
 10521 964024120000000 
 10525 988409460000000 
 10529 1082351700000000 
 10533 1299170300000000 
 10537 1434643000000000 
 10541 1490948000000000 
 10545 1569430500000000 
 10549 1827952800000000 
 10553 2056693500000000 
 10557 1715468200000000 
 10561 1577344600000000 
 10565 1556353200000000 
 10569 1605427800000000 
 10573 1680268800000000 
 10577 1785823600000000 
 10581 1955419100000000 
 10585 2004458000000000 
 10589 1446608100000000 
 10593 893328210000000 
 10597 774138980000000 
 10601 825899690000000 
 10605 906821380000000 
 10609 1136099300000000 
 10613 1564005600000000 
 10617 2177288000000000 
 10621 2758450100000000 
 10625 2840120900000000 
 10629 2848460500000000 
 10633 3105104200000000 
 10637 2117063600000000 
 10641 1265661000000000 
 10645 1134000300000000 
 10649 1255598200000000 
 10653 1109912700000000 
 10657 1034692000000000 
 10661 1072133300000000 
 10665 1343193100000000 
 10669 1205877200000000 
 10673 881800990000000 
 10677 714626300000000 
 10681 730213390000000 
 10685 777813890000000 
 10689 927417950000000 
 10693 1250110300000000 
 10697 1707173600000000 
 10701 2371927800000000 
 10705 2415573400000000 
 10709 2363002000000000 
 10713 2497771900000000 
 10717 2249479000000000 
 10721 1456466500000000 
 10725 1159816000000000 
 10729 1250867600000000 
 10733 1297640400000000 
 10737 1338128600000000 
 10741 1457853500000000 
 10745 1677752400000000 
 10749 1648489100000000 
 10753 1171347200000000 
 10757 896909050000000 
 10761 850240410000000 
 10765 939158370000000 
 10769 1077363700000000 
 10773 1323520600000000 
 10777 1565174500000000 
 10781 1794373000000000 
 10785 1987175800000000 
 10789 2093292200000000 
 10793 2332487300000000 
 10797 2662238100000000 
 10801 2522039700000000 
 10805 2399669700000000 
 10809 2415449400000000 
 10813 2477189600000000 
 10817 2547034700000000 
 10821 2501309100000000 
 10825 2365252800000000 
 10829 1810974900000000 
 10833 1262446400000000 
 10837 969113930000000 
 10841 953464250000000 
 10845 969157330000000 
 10849 1016707400000000 
 10853 1137665500000000 
 10857 1264664400000000 
 10861 1353228600000000 
 10865 1536304000000000 
 10869 1790611800000000 
 10873 2103197300000000 
 10877 2099688900000000 
 10881 2112726300000000 
 10885 2196710100000000 
 10889 2261958500000000 
 10893 2285122000000000 
 10897 2207993300000000 
 10901 1803138400000000 
 10905 1412691700000000 
 10909 1199920900000000 
 10913 1212905000000000 
 10917 1269149300000000 
 10921 1322486800000000 
 10925 1462227700000000 
 10929 1605554300000000 
 10933 1778486300000000 
 10937 2095233900000000 
 10941 2512352100000000 
 10945 2744558200000000 
 10949 2670440200000000 
 10953 2716863900000000 
 10957 2826246400000000 
 10961 2908147900000000 
 10965 2904042900000000 
 10969 2762369200000000 
 10973 2178178500000000 
 10977 1478306800000000 
 10981 1019876000000000 
 10985 959661940000000 
 10989 964951890000000 
 10993 999143530000000 
 10997 1102939000000000 
 11001 1340297600000000 
 11005 1416091200000000 
 11009 1484149900000000 
 11013 1673200800000000 
 11017 2042043500000000 
 11021 2021859300000000 
 11025 1951916100000000 
 11029 2006952800000000 
 11033 2125910100000000 
 11037 2196735000000000 
 11041 2171844400000000 
 11045 2117751500000000 
 11049 1774663900000000 
 11053 1315534000000000 
 11057 1046552400000000 
 11061 1049128600000000 
 11065 1093678900000000 
 11069 1182286000000000 
 11073 1358709200000000 
 11077 1465311100000000 
 11081 1627936500000000 
 11085 1912232900000000 
 11089 2361388700000000 
 11093 2737018900000000 
 11097 2857586300000000 
 11101 3009201500000000 
 11105 3237731600000000 
 11109 3433013800000000 
 11113 3427413200000000 
 11117 2917576200000000 
 11121 2189849400000000 
 11125 1721485600000000 
 11129 1472082000000000 
 11133 1373528000000000 
 11137 1386431700000000 
 11141 1478334700000000 
 11145 1567298100000000 
 11149 1709534600000000 
 11153 1973045900000000 
 11157 2411130800000000 
 11161 2240151500000000 
 11165 2108604100000000 
 11169 2107357700000000 
 11173 2134567000000000 
 11177 2156564200000000 
 11181 2069705600000000 
 11185 1846923200000000 
 11189 1207047000000000 
 11193 847339460000000 
 11197 760162580000000 
 11201 807586760000000 
 11205 884955840000000 
 11209 1096333800000000 
 11213 1480780100000000 
 11217 1740661300000000 
 11221 1929254000000000 
 11225 2060502000000000 
 11229 2301701400000000 
 11233 2141154900000000 
 11237 1588956600000000 
 11241 1408611500000000 
 11245 1468950900000000 
 11249 1492209200000000 
 11253 1467496900000000 
 11257 1550115600000000 
 11261 1829668200000000 
 11265 1675588100000000 
 11269 1098725900000000 
 11273 916635710000000 
 11277 954502400000000 
 11281 1026333500000000 
 11285 1216409500000000 
 11289 1607289000000000 
 11293 2153665000000000 
 11297 3018823000000000 
 11301 3279367500000000 
 11305 3139928300000000 
 11309 3347670600000000 
 11313 2277887600000000 
 11317 1108997400000000 
 11321 1027771400000000 
 11325 1146243100000000 
 11329 1022987900000000 
 11333 825987160000000 
 11337 757247060000000 
 11341 847781310000000 
 11345 1159174300000000 
 11349 795026270000000 
 11353 557474180000000 
 11357 569802350000000 
 11361 612503990000000 
 11365 687483960000000 
 11369 875990190000000 
 11373 1285834400000000 
 11377 1843959800000000 
 11381 2891233200000000 
 11385 2928217700000000 
 11389 2872369000000000 
 11393 3141707800000000 
 11397 2267398500000000 
 11401 1302439300000000 
 11405 1096357300000000 
 11409 1273453200000000 
 11413 1243017300000000 
 11417 1169180900000000 
 11421 1252532300000000 
 11425 1472011200000000 
 11429 1552301600000000 
 11433 1178567800000000 
 11437 886960560000000 
 11441 841095220000000 
 11445 924923360000000 
 11449 1027247500000000 
 11453 1229134500000000 
 11457 1639844900000000 
 11461 1986350100000000 
 11465 2251732600000000 
 11469 2273436000000000 
 11473 2255462000000000 
 11477 2414346400000000 
 11481 2667639900000000 
 11485 2576890200000000 
 11489 2359633600000000 
 11493 2283770000000000 
 11497 2298180700000000 
 11501 2344703400000000 
 11505 2368635200000000 
 11509 2352030500000000 
 11513 2349075500000000 
 11517 2255929600000000 
 11521 2023114300000000 
 11525 1729993100000000 
 11529 1532054700000000 
 11533 1407963100000000 
 11537 1332731500000000 
 11541 1285508900000000 
 11545 1233482600000000 
 11549 1254121500000000 
 11553 1193150800000000 
 11557 1221526200000000 
 11561 1248517700000000 
 11565 1238828500000000 
 11569 1269079700000000 
 11573 1367996400000000 
 11577 1576666900000000 
 11581 1794498600000000 
 11585 1940234900000000 
 11589 2159926700000000 
 11593 2545127800000000 
 11597 2727377900000000 
 11601 2370800200000000 
 11605 2128009800000000 
 11609 2021786900000000 
 11613 1976230000000000 
 11617 1908847200000000 
 11621 1888397300000000 
 11625 2017959700000000 
 11629 1973142500000000 
 11633 1250387000000000 
 11637 730776380000000 
 11641 694896480000000 
 11645 712826040000000 
 11649 769459090000000 
 11653 943302960000000 
 11657 1285467600000000 
 11661 1675589200000000 
 11665 2821308000000000 
 11669 3073072700000000 
 11673 2709517900000000 
 11677 3003548900000000 
 11681 1402954100000000 
 11685 664077120000000 
 11689 1081739900000000 
 11693 1133000800000000 
 11697 781463970000000 
 11701 603920380000000 
 11705 617103700000000 
 11709 779625000000000 
 11713 2424379600000000 
 11717 963381080000000 
 11721 743655220000000 
 11725 912973320000000 
 11729 895784580000000 
 11733 1177807200000000 
 11737 2014234300000000 
 11741 1834220800000000 
 11745 1508080000000000 
 11749 2941902700000000 
 11753 4593417000000000 
 11757 3406910200000000 
 11761 3745975700000000 
 11765 1337022500000000 
 11769 910753710000000 
 11773 2274148000000000 
 11777 1128010800000000 
 11781 747095590000000 
 11785 617130910000000 
 11789 635821620000000 
 11793 825535840000000 
 11797 2379408600000000 
 11801 684892970000000 
 11805 545356010000000 
 11809 591323410000000 
 11813 583389690000000 
 11817 653716390000000 
 11821 876079260000000 
 11825 1171229700000000 
 11829 1599026200000000 
 11833 2780253300000000 
 11837 2976293500000000 
 11841 2708631500000000 
 11845 2980068300000000 
 11849 1839517200000000 
 11853 915666630000000 
 11857 937997910000000 
 11861 1122770200000000 
 11865 1132102800000000 
 11869 1073388100000000 
 11873 1080577000000000 
 11877 1327499400000000 
 11881 1517944500000000 
 11885 1264971600000000 
 11889 900504760000000 
 11893 852497600000000 
 11897 946392140000000 
 11901 1106918800000000 
 11905 1339784000000000 
 11909 1655016200000000 
 11913 2046569100000000 
 11917 2309256900000000 
 11921 2478782300000000 
 11925 2498631400000000 
 11929 2638692700000000 
 11933 2973872500000000 
 11937 3363270700000000 
 11941 3439331500000000 
 11945 3372864700000000 
 11949 3342590400000000 
 11953 3384015000000000 
 11957 3446656800000000 
 11961 3506842800000000 
 11965 3513921100000000 
 11969 3431840400000000 
 11973 3288311700000000 
 11977 3101268700000000 
 11981 2855355700000000 
 11985 2579137200000000 
 11989 2271230500000000 
 11993 1910686900000000 
 11997 1499837800000000 
 12001 1188998200000000 
 12005 1056667700000000 
 12009 956303100000000 
 12013 940454640000000 
 12017 958503560000000 
 12021 1003053100000000 
 12025 1124744600000000 
 12029 1348259400000000 
 12033 1602177400000000 
 12037 1864419700000000 
 12041 2026956200000000 
 12045 2308613200000000 
 12049 2721002400000000 
 12053 2380184100000000 
 12057 1966862900000000 
 12061 1851653400000000 
 12065 1904618500000000 
 12069 1860172900000000 
 12073 1777852200000000 
 12077 1865066400000000 
 12081 2115517400000000 
 12085 1568289600000000 
 12089 966148140000000 
 12093 888181160000000 
 12097 914976770000000 
 12101 950854440000000 
 12105 1111145600000000 
 12109 1471138100000000 
 12113 1882078300000000 
 12117 2923039900000000 
 12121 3607793900000000 
 12125 3160362900000000 
 12129 3346031600000000 
 12133 1841296600000000 
 12137 770488490000000 
 12141 933926340000000 
 12145 1080288200000000 
 12149 793068180000000 
 12153 572355450000000 
 12157 523255660000000 
 12161 593185790000000 
 12165 1430113600000000 
 12169 686615510000000 
 12173 509544710000000 
 12177 586922670000000 
 12181 629106260000000 
 12185 718511920000000 
 12189 1015627200000000 
 12193 1432816000000000 
 12197 1896176000000000 
 12201 3503023500000000 
 12205 3835514100000000 
 12209 3596553300000000 
 12213 3890756200000000 
 12217 2056974900000000 
 12221 1185067500000000 
 12225 1347129400000000 
 12229 1305700600000000 
 12233 1035924700000000 
 12237 936082420000000 
 12241 986166100000000 
 12245 1314549600000000 
 12249 1157626600000000 
 12253 875239730000000 
 12257 750111810000000 
 12261 778907570000000 
 12265 849423980000000 
 12269 1019085800000000 
 12273 1368599700000000 
 12277 1827968100000000 
 12281 2249761700000000 
 12285 2277394300000000 
 12289 2249291200000000 
 12293 2349639400000000 
 12297 2484814000000000 
 12301 2104447600000000 
 12305 1897239600000000 
 12309 1897235100000000 
 12313 2005433500000000 
 12317 2201651200000000 
 12321 2346071000000000 
 12325 2319206000000000 
 12329 2155403900000000 
 12333 1621589400000000 
 12337 1243890100000000 
 12341 1109308300000000 
 12345 1162075200000000 
 12349 1247144000000000 
 12353 1314999700000000 
 12357 1428376400000000 
 12361 1623943000000000 
 12365 1957199900000000 
 12369 2354713800000000 
 12373 2791173800000000 
 12377 3181020900000000 
 12381 3515797800000000 
 12385 3828041500000000 
 12389 3971926800000000 
 12393 3736657000000000 
 12397 3087877500000000 
 12401 2434283000000000 
 12405 2055557000000000 
 12409 1890417100000000 
 12413 1776971500000000 
 12417 1763270800000000 
 12421 1791829000000000 
 12425 1879719300000000 
 12429 2085384900000000 
 12433 2359755300000000 
 12437 2420664100000000 
 12441 2205354700000000 
 12445 2160014900000000 
 12449 2158170500000000 
 12453 2173807100000000 
 12457 2174824300000000 
 12461 2063700000000000 
 12465 1737499600000000 
 12469 1081394600000000 
 12473 803814190000000 
 12477 772309710000000 
 12481 849528720000000 
 12485 955524980000000 
 12489 1264165600000000 
 12493 1694239600000000 
 12497 2084719900000000 
 12501 2216596800000000 
 12505 2324715500000000 
 12509 2695270100000000 
 12513 2517068600000000 
 12517 1938308900000000 
 12521 1773255100000000 
 12525 1873037900000000 
 12529 1939241200000000 
 12533 1990689500000000 
 12537 2196619500000000 
 12541 2386986000000000 
 12545 1890459800000000 
 12549 1240580300000000 
 12553 1051711200000000 
 12557 1166352500000000 
 12561 1299595200000000 
 12565 1502979700000000 
 12569 1930122100000000 
 12573 2678385500000000 
 12577 2913867100000000 
 12581 2869668000000000 
 12585 2873417300000000 
 12589 3001637100000000 
 12593 2192610000000000 
 12597 1605679900000000 
 12601 1419162500000000 
 12605 1416314200000000 
 12609 1466011200000000 
 12613 1583658500000000 
 12617 1775713600000000 
 12621 1782385900000000 
 12625 1328255200000000 
 12629 869608690000000 
 12633 772476610000000 
 12637 803177760000000 
 12641 916468950000000 
 12645 1092941800000000 
 12649 1301656200000000 
 12653 1521263100000000 
 12657 1722797100000000 
 12661 1857694600000000 
 12665 2236714600000000 
 12669 2782784100000000 
 12673 3019470500000000 
 12677 3087260100000000 
 12681 3341321900000000 
 12685 3689850400000000 
 12689 4031259400000000 
 12693 4119728300000000 
 12697 3584700900000000 
 12701 2812853200000000 
 12705 2263285100000000 
 12709 2065662900000000 
 12713 2003572900000000 
 12717 2001792200000000 
 12721 2078861500000000 
 12725 2220930400000000 
 12729 2464782500000000 
 12733 2818941000000000 
 12737 3107801000000000 
 12741 3085317600000000 
 12745 3122796200000000 
 12749 3217622700000000 
 12753 3262580000000000 
 12757 3161992100000000 
 12761 2745945700000000 
 12765 1837795800000000 
 12769 1158135000000000 
 12773 999661830000000 
 12777 1024019900000000 
 12781 1142302100000000 
 12785 1343064600000000 
 12789 1531120000000000 
 12793 1750837200000000 
 12797 1899497700000000 
 12801 2023076900000000 
 12805 2454003500000000 
 12809 2162832300000000 
 12813 1671727500000000 
 12817 1518822000000000 
 12821 1563172300000000 
 12825 1588679300000000 
 12829 1578440100000000 
 12833 1681512300000000 
 12837 1945160700000000 
 12841 1734160600000000 
 12845 1121282600000000 
 12849 955509990000000 
 12853 1006805000000000 
 12857 1089400900000000 
 12861 1301291000000000 
 12865 1643261300000000 
 12869 2250706200000000 
 12873 3430182400000000 
 12877 4037045000000000 
 12881 3795554900000000 
 12885 4095225900000000 
 12889 2418667900000000 
 12893 1195058500000000 
 12897 1306792000000000 
 12901 1261067700000000 
 12905 859953430000000 
 12909 659587420000000 
 12913 632570230000000 
 12917 769166600000000 
 12921 1484405100000000 
 12925 697760720000000 
 12929 549704330000000 
 12933 593540510000000 
 12937 613614060000000 
 12941 704786540000000 
 12945 982974500000000 
 12949 1386945500000000 
 12953 1883060000000000 
 12957 3429463600000000 
 12961 3204783800000000 
 12965 3131590200000000 
 12969 3344349000000000 
 12973 1718708200000000 
 12977 1012601800000000 
 12981 1220791800000000 
 12985 1317814100000000 
 12989 1097659300000000 
 12993 1023858000000000 
 12997 1106990900000000 
 13001 1537026000000000 
 13005 1442799400000000 
 13009 1049871600000000 
 13013 936792450000000 
 13017 1007568000000000 
 13021 1156259800000000 
 13025 1412355800000000 
 13029 1763597600000000 
 13033 2378341300000000 
 13037 2683359200000000 
 13041 2838600800000000 
 13045 2796203700000000 
 13049 2880704500000000 
 13053 3177310800000000 
 13057 3081417600000000 
 13061 2796416800000000 
 13065 2664544500000000 
 13069 2643179900000000 
 13073 2662677900000000 
 13077 2631713300000000 
 13081 2535354300000000 
 13085 2491986300000000 
 13089 2363904000000000 
 13093 2104853600000000 
 13097 1847197000000000 
 13101 1613006400000000 
 13105 1497222200000000 
 13109 1448604600000000 
 13113 1431301600000000 
 13117 1430287200000000 
 13121 1422684900000000 
 13125 1408709500000000 
 13129 1376847300000000 
 13133 1324184400000000 
 13137 1305277100000000 
 13141 1317712000000000 
 13145 1367647800000000 
 13149 1487420200000000 
 13153 1754848100000000 
 13157 2108067300000000 
 13161 2266013300000000 
 13165 2470969000000000 
 13169 2884123100000000 
 13173 3315180700000000 
 13177 3015463300000000 
 13181 2715694900000000 
 13185 2583537000000000 
 13189 2491869400000000 
 13193 2352688800000000 
 13197 2256712700000000 
 13201 2307252200000000 
 13205 2241690400000000 
 13209 1544655000000000 
 13213 884467760000000 
 13217 824834650000000 
 13221 848964380000000 
 13225 901647300000000 
 13229 1077996700000000 
 13233 1458776400000000 
 13237 1901982200000000 
 13241 3052953700000000 
 13245 3726159400000000 
 13249 3221697900000000 
 13253 3417792800000000 
 13257 1888941700000000 
 13261 760046320000000 
 13265 982692690000000 
 13269 1257539500000000 
 13273 797604490000000 
 13277 593623890000000 
 13281 573443220000000 
 13285 663249180000000 
 13289 1570659900000000 
 13293 2876873600000000 
 13297 725000100000000 
 13301 850796060000000 
 13305 939733210000000 
 13309 990967740000000 
 13313 2308287600000000 
 13317 3291433700000000 
 13321 2117395600000000 
 13325 1859878800000000 
 13329 4821647400000000 
 13333 4440341600000000 
 13337 4498632800000000 
 13341 2409175400000000 
 13345 1060355300000000 
 13349 3016688600000000 
 13353 3253423400000000 
 13357 1683832300000000 
 13361 1193515600000000 
 13365 1524767900000000 
 13369 1476663200000000 
 13373 3008428300000000 
 13377 2453558500000000 
 13381 908115590000000 
 13385 975099200000000 
 13389 865553380000000 
 13393 870494180000000 
 13397 1103303900000000 
 13401 1281930300000000 
 13405 1256758400000000 
 13409 1833151100000000 
 13413 3673676300000000 
 13417 2776021800000000 
 13421 3003440000000000 
 13425 1826956800000000 
 13429 806298680000000 
 13433 864741010000000 
 13437 1097342600000000 
 13441 1026193000000000 
 13445 865357280000000 
 13449 806663120000000 
 13453 909435380000000 
 13457 1318809800000000 
 13461 1128378000000000 
 13465 904341620000000 
 13469 831652330000000 
 13473 914458920000000 
 13477 1074668600000000 
 13481 1320865800000000 
 13485 1657681600000000 
 13489 2212577100000000 
 13493 2553475300000000 
 13497 2818266500000000 
 13501 2848279300000000 
 13505 2968133300000000 
 13509 3325660900000000 
 13513 3953718600000000 
 13517 4239751200000000 
 13521 4271449000000000 
 13525 4321412900000000 
 13529 4438604600000000 
 13533 4586646800000000 
 13537 4724665800000000 
 13541 4838752100000000 
 13545 4914234100000000 
 13549 4934358000000000 
 13553 4903405300000000 
 13557 4823050100000000 
 13561 4642179900000000 
 13565 4326454500000000 
 13569 3731802400000000 
 13573 2826013700000000 
 13577 1913900900000000 
 13581 1289147100000000 
 13585 1027693700000000 
 13589 1035875200000000 
 13593 1128256400000000 
 13597 1298192300000000 
 13601 1484882600000000 
 13605 1759650700000000 
 13609 2062615800000000 
 13613 2236791300000000 
 13617 2364694300000000 
 13621 2671969200000000 
 13625 2797529900000000 
 13629 2139736000000000 
 13633 1759387300000000 
 13637 1747270300000000 
 13641 1749415700000000 
 13645 1569843100000000 
 13649 1454699000000000 
 13653 1569176700000000 
 13657 1874729700000000 
 13661 1384070800000000 
 13665 892747210000000 
 13669 895491620000000 
 13673 935975130000000 
 13677 997464490000000 
 13681 1227293800000000 
 13685 1632589700000000 
 13689 2066525400000000 
 13693 3046354800000000 
 13697 4173920200000000 
 13701 3679143600000000 
 13705 3983088300000000 
 13709 2259832900000000 
 13713 937714430000000 
 13717 1122658900000000 
 13721 1313450600000000 
 13725 841241340000000 
 13729 605726650000000 
 13733 559616890000000 
 13737 633375430000000 
 13741 1490323300000000 
 13745 1078550800000000 
 13749 602685210000000 
 13753 671260160000000 
 13757 713687720000000 
 13761 772986460000000 
 13765 1037594700000000 
 13769 1434654900000000 
 13773 1743572000000000 
 13777 2735263600000000 
 13781 4583049300000000 
 13785 4008706000000000 
 13789 4381885500000000 
 13793 2859980400000000 
 13797 1387601000000000 
 13801 1379131300000000 
 13805 1519433700000000 
 13809 1171030500000000 
 13813 935728940000000 
 13817 889465040000000 
 13821 1075848900000000 
 13825 1606917800000000 
 13829 1054281400000000 
 13833 831687800000000 
 13837 866144750000000 
 13841 934126410000000 
 13845 1072588100000000 
 13849 1401965300000000 
 13853 1875938000000000 
 13857 2724857600000000 
 13861 3136334300000000 
 13865 3089269000000000 
 13869 3095559700000000 
 13873 3315945900000000 
 13877 2575247600000000 
 13881 1889963500000000 
 13885 1694052800000000 
 13889 1710890800000000 
 13893 1823568900000000 
 13897 2014107700000000 
 13901 2249872900000000 
 13905 2213507000000000 
 13909 1835877900000000 
 13913 1301105300000000 
 13917 1019553100000000 
 13921 1038888900000000 
 13925 1107872300000000 
 13929 1212767100000000 
 13933 1390964000000000 
 13937 1544394200000000 
 13941 1710242900000000 
 13945 2024895300000000 
 13949 2478950500000000 
 13953 2944258100000000 
 13957 3471025700000000 
 13961 3956957000000000 
 13965 4350877200000000 
 13969 4563151300000000 
 13973 4449825200000000 
 13977 4050767800000000 
 13981 3576066100000000 
 13985 3212860100000000 
 13989 2999471200000000 
 13993 2911739300000000 
 13997 2936671900000000 
 14001 3081104300000000 
 14005 3308320400000000 
 14009 3714847300000000 
 14013 3942547700000000 
 14017 3936550200000000 
 14021 4028852100000000 
 14025 4163172500000000 
 14029 4225923600000000 
 14033 4085122100000000 
 14037 3396554300000000 
 14041 2209129800000000 
 14045 1424722000000000 
 14049 1051778200000000 
 14053 1073926000000000 
 14057 1204031800000000 
 14061 1409301800000000 
 14065 1598364000000000 
 14069 1852740800000000 
 14073 2038753500000000 
 14077 2178453500000000 
 14081 2514752600000000 
 14085 2594238400000000 
 14089 2208566200000000 
 14093 2064762800000000 
 14097 2059307900000000 
 14101 2125253600000000 
 14105 2223797700000000 
 14109 2401359100000000 
 14113 2524791900000000 
 14117 2147312500000000 
 14121 1491746000000000 
 14125 1152741900000000 
 14129 1238641900000000 
 14133 1331899500000000 
 14137 1516717300000000 
 14141 1978552300000000 
 14145 2613551900000000 
 14149 2928004400000000 
 14153 3032418700000000 
 14157 3148634800000000 
 14161 3615889800000000 
 14165 3380045400000000 
 14169 2911974700000000 
 14173 2733813700000000 
 14177 2691862700000000 
 14181 2726968000000000 
 14185 2857088700000000 
 14189 3008721300000000 
 14193 2880937500000000 
 14197 2050596700000000 
 14201 1370660000000000 
 14205 1067093100000000 
 14209 1118755200000000 
 14213 1257864000000000 
 14217 1355781600000000 
 14221 1501210900000000 
 14225 1752551500000000 
 14229 1939542500000000 
 14233 2051693100000000 
 14237 2313791700000000 
 14241 2753666500000000 
 14245 2717089800000000 
 14249 2636867100000000 
 14253 2727673500000000 
 14257 2900620200000000 
 14261 3101171500000000 
 14265 3224414400000000 
 14269 3150751600000000 
 14273 2472944500000000 
 14277 1889939100000000 
 14281 1591519400000000 
 14285 1487047500000000 
 14289 1504924700000000 
 14293 1622416200000000 
 14297 1909558700000000 
 14301 2144421800000000 
 14305 2314995600000000 
 14309 2665382200000000 
 14313 3311427100000000 
 14317 3463156700000000 
 14321 3444021400000000 
 14325 3544632600000000 
 14329 3683124900000000 
 14333 3855853400000000 
 14337 3920246400000000 
 14341 3561141600000000 
 14345 2423420400000000 
 14349 1613161800000000 
 14353 1233603100000000 
 14357 1269948500000000 
 14361 1328009000000000 
 14365 1497507000000000 
 14369 1724568800000000 
 14373 2001064900000000 
 14377 2197272000000000 
 14381 2256537900000000 
 14385 2599975200000000 
 14389 2570733500000000 
 14393 2181627900000000 
 14397 2042791300000000 
 14401 2037942200000000 
 14405 2127444300000000 
 14409 2206036200000000 
 14413 2383245900000000 
 14417 2475850000000000 
 14421 1957682000000000 
 14425 1305763700000000 
 14429 1102780700000000 
 14433 1244939100000000 
 14437 1336650000000000 
 14441 1609484400000000 
 14445 2208429800000000 
 14449 2926503200000000 
 14453 3352640500000000 
 14457 3447139100000000 
 14461 3630125300000000 
 14465 3982585700000000 
 14469 3094407100000000 
 14473 2410687500000000 
 14477 2196226700000000 
 14481 2120707000000000 
 14485 2059513000000000 
 14489 2090013400000000 
 14493 2233126000000000 
 14497 2231011300000000 
 14501 1641656300000000 
 14505 1051554900000000 
 14509 955625070000000 
 14513 1030170300000000 
 14517 1156273000000000 
 14521 1371920700000000 
 14525 1673389400000000 
 14529 1965619300000000 
 14533 2276405100000000 
 14537 2287676400000000 
 14541 2364260200000000 
 14545 2697449500000000 
 14549 2905932800000000 
 14553 2738771100000000 
 14557 2691319500000000 
 14561 2794697300000000 
 14565 2978353200000000 
 14569 3199666200000000 
 14573 3364848500000000 
 14577 3413439900000000 
 14581 3085469800000000 
 14585 2582624800000000 
 14589 2226684800000000 
 14593 2054633200000000 
 14597 2009593800000000 
 14601 2031068000000000 
 14605 2138156800000000 
 14609 2267393800000000 
 14613 2432655100000000 
 14617 2576732600000000 
 14621 2693970200000000 
 14625 2773038700000000 
 14629 2808431900000000 
 14633 2822411200000000 
 14637 2810043100000000 
 14641 2772391400000000 
 14645 2728227500000000 
 14649 2700465100000000 
 14653 2706556700000000 
 14657 2758864600000000 
 14661 2901060100000000 
 14665 3087817500000000 
 14669 3416308900000000 
 14673 3807273800000000 
 14677 3752960300000000 
 14681 3646827000000000 
 14685 3659165700000000 
 14689 3706446100000000 
 14693 3770634800000000 
 14697 3732837900000000 
 14701 3478973600000000 
 14705 2515221400000000 
 14709 1566603700000000 
 14713 1012679400000000 
 14717 982597870000000 
 14721 1095609800000000 
 14725 1244889300000000 
 14729 1504549300000000 
 14733 2028562600000000 
 14737 2550123800000000 
 14741 2745877400000000 
 14745 2827026700000000 
 14749 3129710700000000 
 14753 3165895500000000 
 14757 2256737200000000 
 14761 1860614800000000 
 14765 1894075200000000 
 14769 1921437900000000 
 14773 1780493400000000 
 14777 1714424800000000 
 14781 1920579200000000 
 14785 2246828800000000 
 14789 1582544700000000 
 14793 1062059400000000 
 14797 1088296700000000 
 14801 1169303600000000 
 14805 1289139600000000 
 14809 1480030700000000 
 14813 1891553900000000 
 14817 2566959200000000 
 14821 4045336000000000 
 14825 4299235300000000 
 14829 4055985500000000 
 14833 4391865800000000 
 14837 2522923900000000 
 14841 1211514800000000 
 14845 1275813600000000 
 14849 1299081200000000 
 14853 954482980000000 
 14857 744502870000000 
 14861 693578160000000 
 14865 806174980000000 
 14869 1537029500000000 
 14873 816076030000000 
 14877 630471690000000 
 14881 693165330000000 
 14885 754005250000000 
 14889 847031260000000 
 14893 1122182600000000 
 14897 1636382100000000 
 14901 2269032300000000 
 14905 3590612700000000 
 14909 4123177400000000 
 14913 3966339000000000 
 14917 4348585300000000 
 14921 3266890100000000 
 14925 1911115800000000 
 14929 1596242200000000 
 14933 1705012600000000 
 14937 1667171400000000 
 14941 1572804300000000 
 14945 1621943500000000 
 14949 1937202100000000 
 14953 2152313200000000 
 14957 1584217200000000 
 14961 1118880300000000 
 14965 1079341500000000 
 14969 1208385900000000 
 14973 1384064100000000 
 14977 1560999000000000 
 14981 1921532200000000 
 14985 2287383000000000 
 14989 2544719000000000 
 14993 2657310600000000 
 14997 2671327800000000 
 15001 2837283100000000 
 15005 3300943600000000 
 15009 3768340400000000 
 15013 3815703400000000 
 15017 3775626200000000 
 15021 3822979700000000 
 15025 3955382400000000 
 15029 4110117900000000 
 15033 4257554400000000 
 15037 4384242800000000 
 15041 4444000500000000 
 15045 4402990400000000 
 15049 4274099800000000 
 15053 4066847600000000 
 15057 3758981800000000 
 15061 3371501700000000 
 15065 2927570200000000 
 15069 2450552000000000 
 15073 2068942000000000 
 15077 1836471300000000 
 15081 1702123600000000 
 15085 1646060300000000 
 15089 1645353200000000 
 15093 1729990800000000 
 15097 1959434200000000 
 15101 2340223700000000 
 15105 2554194300000000 
 15109 2681717700000000 
 15113 2957133400000000 
 15117 3572641100000000 
 15121 3775703100000000 
 15125 3401176900000000 
 15129 3180134400000000 
 15133 3054304400000000 
 15137 2969401600000000 
 15141 2912850900000000 
 15145 2951479400000000 
 15149 2991946600000000 
 15153 2643223200000000 
 15157 1664986600000000 
 15161 989585110000000 
 15165 922185220000000 
 15169 985774270000000 
 15173 1087692900000000 
 15177 1384969300000000 
 15181 1795528700000000 
 15185 2543183400000000 
 15189 3184821500000000 
 15193 3242194200000000 
 15197 3222562300000000 
 15201 3563695200000000 
 15205 2705041900000000 
 15209 1609393800000000 
 15213 1396115300000000 
 15217 1517959000000000 
 15221 1442425000000000 
 15225 1273704800000000 
 15229 1245144900000000 
 15233 1490261200000000 
 15237 1824836500000000 
 15241 1379508100000000 
 15245 1001096800000000 
 15249 1069049500000000 
 15253 1205038400000000 
 15257 1407462100000000 
 15261 1691087700000000 
 15265 2250779300000000 
 15269 3141436700000000 
 15273 4304795900000000 
 15277 4400556100000000 
 15281 4414448800000000 
 15285 4848196700000000 
 15289 3548221800000000 
 15293 2237152500000000 
 15297 1845943400000000 
 15301 1758527100000000 
 15305 1638974100000000 
 15309 1524449200000000 
 15313 1568511700000000 
 15317 1819248400000000 
 15321 1856511000000000 
 15325 1304275300000000 
 15329 873991480000000 
 15333 841506750000000 
 15337 934084920000000 
 15341 1055304300000000 
 15345 1313722000000000 
 15349 1704082700000000 
 15353 2216634800000000 
 15357 2461973800000000 
 15361 2585686200000000 
 15365 2649302700000000 
 15369 3007399200000000 
 15373 3259308000000000 
 15377 3008383100000000 
 15381 2935282600000000 
 15385 3023663900000000 
 15389 3194331900000000 
 15393 3462358000000000 
 15397 3804665200000000 
 15401 3962129400000000 
 15405 3671521800000000 
 15409 2890000800000000 
 15413 2359457100000000 
 15417 2174583300000000 
 15421 2150804900000000 
 15425 2179126800000000 
 15429 2229523000000000 
 15433 2335032700000000 
 15437 2536514700000000 
 15441 2829632900000000 
 15445 3116467000000000 
 15449 3407155600000000 
 15453 3690143700000000 
 15457 3897254300000000 
 15461 3961389600000000 
 15465 3874928200000000 
 15469 3657542300000000 
 15473 3323120500000000 
 15477 3021634100000000 
 15481 2776080600000000 
 15485 2622785300000000 
 15489 2577704900000000 
 15493 2621286300000000 
 15497 2712689100000000 
 15501 2851793900000000 
 15505 3084064100000000 
 15509 3188911300000000 
 15513 3166924500000000 
 15517 3212447300000000 
 15521 3323144700000000 
 15525 3447825600000000 
 15529 3495198600000000 
 15533 3191159600000000 
 15537 2406127600000000 
 15541 1770013700000000 
 15545 1470933500000000 
 15549 1378699300000000 
 15553 1443819300000000 
 15557 1618896400000000 
 15561 1923777200000000 
 15565 2424485000000000 
 15569 2661136000000000 
 15573 2917009300000000 
 15577 3496891100000000 
 15581 4332774800000000 
 15585 4276993900000000 
 15589 4159526700000000 
 15593 4148707900000000 
 15597 4246337100000000 
 15601 4454838700000000 
 15605 4735457800000000 
 15609 4841366100000000 
 15613 4095514200000000 
 15617 2628321600000000 
 15621 1802159900000000 
 15625 1463477500000000 
 15629 1417900400000000 
 15633 1480127200000000 
 15637 1610740800000000 
 15641 1773645900000000 
 15645 2044368700000000 
 15649 2125019900000000 
 15653 2151034900000000 
 15657 2345108700000000 
 15661 2747168900000000 
 15665 2780574600000000 
 15669 2638677900000000 
 15673 2672077500000000 
 15677 2809456300000000 
 15681 3001717600000000 
 15685 3221935100000000 
 15689 3356117600000000 
 15693 3317651000000000 
 15697 2741021200000000 
 15701 2218098900000000 
 15705 1940633500000000 
 15709 1835995300000000 
 15713 1839076800000000 
 15717 1907372300000000 
 15721 2033748100000000 
 15725 2214460900000000 
 15729 2451183100000000 
 15733 2786516200000000 
 15737 3169891400000000 
 15741 3683430000000000 
 15745 4250734200000000 
 15749 4718211100000000 
 15753 5117215300000000 
 15757 5404015900000000 
 15761 5457089100000000 
 15765 5175186400000000 
 15769 4619076900000000 
 15773 3950488900000000 
 15777 3420012400000000 
 15781 3079181400000000 
 15785 2873692600000000 
 15789 2807129500000000 
 15793 2852495800000000 
 15797 2947773900000000 
 15801 3080633200000000 
 15805 3339022700000000 
 15809 3581356500000000 
 15813 3737265000000000 
 15817 3861378100000000 
 15821 3994274500000000 
 15825 4085522300000000 
 15829 3937104400000000 
 15833 3336002100000000 
 15837 2531141300000000 
 15841 1943329400000000 
 15845 1652009800000000 
 15849 1538890700000000 
 15853 1542400800000000 
 15857 1676324600000000 
 15861 2010500000000000 
 15865 2407290200000000 
 15869 2557096400000000 
 15873 2850266200000000 
 15877 3530274300000000 
 15881 3929381700000000 
 15885 3703700900000000 
 15889 3613694300000000 
 15893 3622946200000000 
 15897 3698067700000000 
 15901 3832346400000000 
 15905 4045069000000000 
 15909 4141960700000000 
 15913 3169009700000000 
 15917 2028178600000000 
 15921 1529884800000000 
 15925 1476667700000000 
 15929 1525809400000000 
 15933 1711554400000000 
 15937 2153790100000000 
 15941 2733956100000000 
 15945 3118124200000000 
 15949 3202307400000000 
 15953 3168251900000000 
 15957 3439084400000000 
 15961 2953209700000000 
 15965 1908352100000000 
 15969 1495741200000000 
 15973 1478240700000000 
 15977 1498782500000000 
 15981 1469182700000000 
 15985 1512061900000000 
 15989 1739942200000000 
 15993 1896558100000000 
 15997 1432932000000000 
 16001 959946940000000 
 16005 908887700000000 
 16009 1026523000000000 
 16013 1209693600000000 
 16017 1568949100000000 
 16021 2099747000000000 
 16025 2892773400000000 
 16029 3604743100000000 
 16033 4013423300000000 
 16037 4150729100000000 
 16041 4655668600000000 
 16045 5250915600000000 
 16049 4762926300000000 
 16053 4267559700000000 
 16057 4072086200000000 
 16061 4042291300000000 
 16065 4116619300000000 
 16069 4309286600000000 
 16073 4610949300000000 
 16077 4716124100000000 
 16081 4063355200000000 
 16085 2794325700000000 
 16089 1981919200000000 
 16093 1552502800000000 
 16097 1361523700000000 
 16101 1292519300000000 
 16105 1290453300000000 
 16109 1316947700000000 
 16113 1408724300000000 
 16117 1560261600000000 
 16121 1675302300000000 
 16125 1757755300000000 
 16129 1874408900000000 
 16133 2097812400000000 
 16137 2320509900000000 
 16141 2655902900000000 
 16145 3081813300000000 
 16149 3327667600000000 
 16153 3344491800000000 
 16157 3358397900000000 
 16161 3516873000000000 
 16165 3782528600000000 
 16169 4092378200000000 
 16173 4443006100000000 
 16177 4772139900000000 
 16181 4935453000000000 
 16185 4600877700000000 
 16189 3621105300000000 
 16193 2649884600000000 
 16197 2090426800000000 
 16201 1941165900000000 
 16205 2025596700000000 
 16209 2249948200000000 
 16213 2574553500000000 
 16217 3026756600000000 
 16221 3474782800000000 
 16225 3857574300000000 
 16229 3941274900000000 
 16233 4118424800000000 
 16237 4667305700000000 
 16241 4607914800000000 
 16245 3714774000000000 
 16249 3136661800000000 
 16253 2880527700000000 
 16257 2687568600000000 
 16261 2484626800000000 
 16265 2347856300000000 
 16269 2380194900000000 
 16273 2419703900000000 
 16277 1890211400000000 
 16281 1147754900000000 
 16285 905179830000000 
 16289 915149510000000 
 16293 975132810000000 
 16297 1115120500000000 
 16301 1434381000000000 
 16305 1872243800000000 
 16309 2623985400000000 
 16313 3903358300000000 
 16317 4053989500000000 
 16321 3913343900000000 
 16325 4268870200000000 
 16329 3181126500000000 
 16333 1650294900000000 
 16337 1398973800000000 
 16341 1597676200000000 
 16345 1373011100000000 
 16349 1002187800000000 
 16353 909216180000000 
 16357 1004284000000000 
 16361 1741358500000000 
 16365 1597406400000000 
 16369 1025790900000000 
 16373 1078292000000000 
 16377 1179894500000000 
 16381 1250308900000000 
 16385 1443564300000000 
 16389 1852586800000000 
 16393 2300487500000000 
 16397 3146360000000000 
 16401 5530938200000000 
 16405 5283807700000000 
 16409 5411369500000000 
 16413 4870118900000000 
 16417 2254030000000000 
 16421 1378552800000000 
 16425 1492345200000000 
 16429 1226790900000000 
 16433 880701840000000 
 16437 705999620000000 
 16441 689824940000000 
 16445 869734830000000 
 16449 1623489800000000 
 16453 821962220000000 
 16457 645993280000000 
 16461 703516070000000 
 16465 774995230000000 
 16469 880502270000000 
 16473 1152782700000000 
 16477 1691743800000000 
 16481 2372666500000000 
 16485 3589953600000000 
 16489 4576691900000000 
 16493 4621428900000000 
 16497 4854296400000000 
 16501 5390441800000000 
 16505 4198509400000000 
 16509 3054030100000000 
 16513 2743898600000000 
 16517 2761749600000000 
 16521 2771920000000000 
 16525 2761814700000000 
 16529 2873112700000000 
 16533 3162439900000000 
 16537 3396139200000000 
 16541 2877243600000000 
 16545 1975679800000000 
 16549 1421750600000000 
 16553 1254614200000000 
 16557 1300581400000000 
 16561 1388042400000000 
 16565 1505437400000000 
 16569 1757538300000000 
 16573 2160318500000000 
 16577 2402192800000000 
 16581 2606274200000000 
 16585 2676923000000000 
 16589 2648588700000000 
 16593 2713227100000000 
 16597 3040901300000000 
 16601 2881930300000000 
 16605 2370763600000000 
 16609 2090509400000000 
 16613 2013783300000000 
 16617 2052431600000000 
 16621 2097538400000000 
 16625 2149357600000000 
 16629 2281372500000000 
 16633 2496796600000000 
 16637 2559204200000000 
 16641 1970627200000000 
 16645 1357809000000000 
 16649 1161974800000000 
 16653 1309216000000000 
 16657 1437418700000000 
 16661 1702910600000000 
 16665 2224907400000000 
 16669 2969579000000000 
 16673 4178291700000000 
 16677 5120098800000000 
 16681 5423438800000000 
 16685 5662091200000000 
 16689 6353315600000000 
 16693 5074809600000000 
 16697 3345318800000000 
 16701 2793236500000000 
 16705 2709970600000000 
 16709 2420080100000000 
 16713 2004014100000000 
 16717 1749840800000000 
 16721 1853188200000000 
 16725 2127158700000000 
 16729 1476303700000000 
 16733 939352020000000 
 16737 868773080000000 
 16741 918836110000000 
 16745 969240340000000 
 16749 1111123400000000 
 16753 1452729600000000 
 16757 1900764900000000 
 16761 2668226700000000 
 16765 3842211000000000 
 16769 3761085000000000 
 16773 3615274600000000 
 16777 3931381000000000 
 16781 2991115500000000 
 16785 1594022600000000 
 16789 1210855900000000 
 16793 1453092400000000 
 16797 1416627500000000 
 16801 1189835900000000 
 16805 1127222100000000 
 16809 1232015500000000 
 16813 1732139000000000 
 16817 1903527000000000 
 16821 1415631200000000 
 16825 1126893200000000 
 16829 1269237400000000 
 16833 1365646400000000 
 16837 1557423400000000 
 16841 1966320200000000 
 16845 2668211300000000 
 16849 3815922900000000 
 16853 5415461800000000 
 16857 5919369400000000 
 16861 6030566600000000 
 16865 6715866000000000 
 16869 5184935100000000 
 16873 3200279200000000 
 16877 2540979000000000 
 16881 2411263500000000 
 16885 2162460200000000 
 16889 1863783100000000 
 16893 1728239600000000 
 16897 1897614800000000 
 16901 2081824200000000 
 16905 1548174200000000 
 16909 1011030300000000 
 16913 861656810000000 
 16917 887735680000000 
 16921 992551610000000 
 16925 1132447800000000 
 16929 1466814100000000 
 16933 1927617200000000 
 16937 2559540400000000 
 16941 2854001300000000 
 16945 3035834900000000 
 16949 3092178600000000 
 16953 3375209300000000 
 16957 3968885700000000 
 16961 3868389400000000 
 16965 3549185900000000 
 16969 3508624400000000 
 16973 3606639600000000 
 16977 3790734100000000 
 16981 4076264700000000 
 16985 4521674300000000 
 16989 5017895500000000 
 16993 5207065100000000 
 16997 4581582200000000 
 17001 3410507600000000 
 17005 2608837100000000 
 17009 2290413900000000 
 17013 2196933400000000 
 17017 2193485800000000 
 17021 2244114500000000 
 17025 2341261700000000 
 17029 2509243800000000 
 17033 2769316900000000 
 17037 2932835300000000 
 17041 2991612300000000 
 17045 3118296600000000 
 17049 3387915200000000 
 17053 3946664600000000 
 17057 4346194900000000 
 17061 4164204500000000 
 17065 3951643300000000 
 17069 3888840200000000 
 17073 3897871800000000 
 17077 3986045600000000 
 17081 4131107800000000 
 17085 4279730400000000 
 17089 4303151200000000 
 17093 3873304800000000 
 17097 2707920300000000 
 17101 1931938300000000 
 17105 1541947500000000 
 17109 1434092700000000 
 17113 1522792500000000 
 17117 1720818200000000 
 17121 2003274100000000 
 17125 2386169500000000 
 17129 2805263400000000 
 17133 3062701100000000 
 17137 3303945600000000 
 17141 3845877200000000 
 17145 4865877300000000 
 17149 5424007200000000 
 17153 5519617600000000 
 17157 5726284200000000 
 17161 6014183800000000 
 17165 6382584400000000 
 17169 6886260800000000 
 17173 7079489300000000 
 17177 6989802200000000 
 17181 5881032900000000 
 17185 4024094400000000 
 17189 2639631300000000 
 17193 2036470700000000 
 17197 1735174100000000 
 17201 1602330100000000 
 17205 1554821700000000 
 17209 1601845100000000 
 17213 1782587000000000 
 17217 2003445400000000 
 17221 2116385400000000 
 17225 2183421600000000 
 17229 2375009100000000 
 17233 2731465600000000 
 17237 3242832300000000 
 17241 3451643600000000 
 17245 3453167400000000 
 17249 3578905900000000 
 17253 3859759500000000 
 17257 4213625400000000 
 17261 4592206800000000 
 17265 4915202700000000 
 17269 5018445000000000 
 17273 4650434000000000 
 17277 3943667600000000 
 17281 3299564600000000 
 17285 2905117700000000 
 17289 2736743900000000 
 17293 2701797700000000 
 17297 2750303000000000 
 17301 2855212900000000 
 17305 3003625400000000 
 17309 3208277500000000 
 17313 3521983100000000 
 17317 3961635100000000 
 17321 4441838900000000 
 17325 5166706500000000 
 17329 6100614300000000 
 17333 6956011100000000 
 17337 7110560600000000 
 17341 7228719900000000 
 17345 7273544800000000 
 17349 7173955900000000 
 17353 6864037300000000 
 17357 6185884200000000 
 17361 5499566600000000 
 17365 4564758800000000 
 17369 3698546400000000 
 17373 3059583200000000 
 17377 2638493500000000 
 17381 2372612000000000 
 17385 2233672600000000 
 17389 2171749500000000 
 17393 2149383200000000 
 17397 2161056900000000 
 17401 2196624300000000 
 17405 2242811100000000 
 17409 2296772200000000 
 17413 2363197100000000 
 17417 2444230800000000 
 17421 2555680300000000 
 17425 2684224400000000 
 17429 2818535000000000 
 17433 2993608400000000 
 17437 3203902300000000 
 17441 3440716100000000 
 17445 3729030700000000 
 17449 4116223800000000 
 17453 4626637700000000 
 17457 5283814300000000 
 17461 5973558600000000 
 17465 6636319600000000 
 17469 7212658300000000 
 17473 7166172400000000 
 17477 7017910600000000 
 17481 6720561300000000 
 17485 6545942900000000 
 17489 6117970000000000 
 17493 5511666000000000 
 17497 4892955200000000 
 17501 4303072800000000 
 17505 3781553200000000 
 17509 3434405200000000 
 17513 3231896300000000 
 17517 3136744800000000 
 17521 3154537800000000 
 17525 3223402900000000 
 17529 3305146400000000 
 17533 3385388400000000 
 17537 3510145500000000 
 17541 3684021000000000 
 17545 3868083600000000 
 17549 4015114100000000 
 17553 4155521200000000 
 17557 4289793100000000 
 17561 4411155200000000 
 17565 4490679800000000 
 17569 4498590700000000 
 17573 4426510600000000 
 17577 4261750000000000 
 17581 4036926400000000 
 17585 3773816200000000 
 17589 3503649900000000 
 17593 3300744100000000 
 17597 3156442100000000 
 17601 3082215900000000 
 17605 3059715900000000 
 17609 3076050200000000 
 17613 3130574600000000 
 17617 3231137400000000 
 17621 3408271500000000 
 17625 3699125100000000 
 17629 4096310900000000 
 17633 4528496000000000 
 17637 5180292300000000 
 17641 6170081700000000 
 17645 7086735300000000 
 17649 7155547900000000 
 17653 7214922100000000 
 17657 7415510500000000 
 17661 7544863000000000 
 17665 7623000500000000 
 17669 7459966700000000 
 17673 6535691200000000 
 17677 5064704400000000 
 17681 3472563600000000 
 17685 2416608000000000 
 17689 1970656200000000 
 17693 1726289900000000 
 17697 1633510700000000 
 17701 1648304600000000 
 17705 1794441200000000 
 17709 2109428700000000 
 17713 2276121500000000 
 17717 2367222900000000 
 17721 2596999900000000 
 17725 3145361500000000 
 17729 3827104500000000 
 17733 3839027500000000 
 17737 3840359100000000 
 17741 3962484900000000 
 17745 4175091200000000 
 17749 4525746100000000 
 17753 5013526800000000 
 17757 5475446100000000 
 17761 5464036500000000 
 17765 4321008900000000 
 17769 3118823500000000 
 17773 2516804100000000 
 17777 2379023000000000 
 17781 2467871800000000 
 17785 2673672100000000 
 17789 2953949700000000 
 17793 3286442700000000 
 17797 3672193400000000 
 17801 3870487000000000 
 17805 3917194200000000 
 17809 4144963200000000 
 17813 4775891400000000 
 17817 5261454400000000 
 17821 5020322600000000 
 17825 4750702100000000 
 17829 4598326600000000 
 17833 4554493800000000 
 17837 4597082900000000 
 17841 4710055600000000 
 17845 4828694800000000 
 17849 4778781900000000 
 17853 4130423900000000 
 17857 2719018100000000 
 17861 1795620500000000 
 17865 1357960000000000 
 17869 1232281900000000 
 17873 1377759000000000 
 17877 1488755000000000 
 17881 1684473700000000 
 17885 1949009700000000 
 17889 2364378400000000 
 17893 2722561000000000 
 17897 2902017000000000 
 17901 3215851100000000 
 17905 3931970400000000 
 17909 4946443600000000 
 17913 5198442000000000 
 17917 5275293700000000 
 17921 5470149500000000 
 17925 5790920700000000 
 17929 6205785700000000 
 17933 6758779000000000 
 17937 7446274200000000 
 17941 7581208400000000 
 17945 6625235000000000 
 17949 4630042700000000 
 17953 3061983000000000 
 17957 2436639900000000 
 17961 2334106100000000 
 17965 2439775600000000 
 17969 2599169500000000 
 17973 2823009100000000 
 17977 3049240800000000 
 17981 3300532000000000 
 17985 3470918200000000 
 17989 3469141500000000 
 17993 3567780500000000 
 17997 3943064700000000 
 18001 4221536800000000 
 18005 3835997000000000 
 18009 3450469600000000 
 18013 3303846300000000 
 18017 3227369500000000 
 18021 3214546800000000 
 18025 3252684800000000 
 18029 3375058400000000 
 18033 3540518200000000 
 18037 3557835900000000 
 18041 2827191900000000 
 18045 1931373600000000 
 18049 1463734000000000 
 18053 1391580800000000 
 18057 1546240700000000 
 18061 1761259200000000 
 18065 2166463000000000 
 18069 2858590600000000 
 18073 3787594600000000 
 18077 4527337400000000 
 18081 4954590300000000 
 18085 5202618100000000 
 18089 5914959600000000 
 18093 6087802200000000 
 18097 4778441600000000 
 18101 3843324400000000 
 18105 3523446300000000 
 18109 3351829400000000 
 18113 3060186100000000 
 18117 2842837900000000 
 18121 2876447300000000 
 18125 3064910000000000 
 18129 2541984300000000 
 18133 1618248900000000 
 18137 1194014200000000 
 18141 1263181800000000 
 18145 1276948800000000 
 18149 1408267100000000 
 18153 1726904800000000 
 18157 2296752900000000 
 18161 3170320900000000 
 18165 4317149400000000 
 18169 4275466200000000 
 18173 4249995400000000 
 18177 4697646000000000 
 18181 3320233100000000 
 18185 1927787300000000 
 18189 1599012400000000 
 18193 1686482600000000 
 18197 1606188600000000 
 18201 1420743000000000 
 18205 1365380200000000 
 18209 1567616800000000 
 18213 1999529600000000 
 18217 1660065300000000 
 18221 1178438100000000 
 18225 1138675100000000 
 18229 1309952700000000 
 18233 1448356000000000 
 18237 1759595500000000 
 18241 2344396600000000 
 18245 3208923100000000 
 18249 4551508300000000 
 18253 5421163800000000 
 18257 5714081300000000 
 18261 6059623000000000 
 18265 6884255200000000 
 18269 5793642400000000 
 18273 4571830000000000 
 18277 3929177300000000 
 18281 3645419900000000 
 18285 3516605200000000 
 18289 3443069500000000 
 18293 3499846000000000 
 18297 3685718400000000 
 18301 3759722700000000 
 18305 3021255900000000 
 18309 1995724700000000 
 18313 1394777500000000 
 18317 1206962800000000 
 18321 1334474500000000 
 18325 1430603100000000 
 18329 1589870500000000 
 18333 1852968600000000 
 18337 2153919200000000 
 18341 2434632200000000 
 18345 2709198600000000 
 18349 2797397300000000 
 18353 2946684900000000 
 18357 3393525500000000 
 18361 4271670100000000 
 18365 4538041200000000 
 18369 4429960900000000 
 18373 4448372400000000 
 18377 4579372900000000 
 18381 4838415100000000 
 18385 5225918900000000 
 18389 5803264400000000 
 18393 6465008500000000 
 18397 6815415300000000 
 18401 6026509800000000 
 18405 4242854400000000 
 18409 3033888400000000 
 18413 2552393100000000 
 18417 2464475400000000 
 18421 2582440600000000 
 18425 2773967800000000 
 18429 3041563700000000 
 18433 3332814300000000 
 18437 3651176200000000 
 18441 3852407100000000 
 18445 3841649800000000 
 18449 3963025500000000 
 18453 4389751900000000 
 18457 4816116000000000 
 18461 4451251700000000 
 18465 4007573600000000 
 18469 3753190000000000 
 18473 3632950000000000 
 18477 3596522500000000 
 18481 3625129500000000 
 18485 3758483900000000 
 18489 3894110100000000 
 18493 3780911000000000 
 18497 2755794900000000 
 18501 1859443200000000 
 18505 1454499700000000 
 18509 1437810900000000 
 18513 1585479700000000 
 18517 1808597700000000 
 18521 2307295600000000 
 18525 3068397800000000 
 18529 3885205400000000 
 18533 4424091200000000 
 18537 4640211800000000 
 18541 5024940100000000 
 18545 5860128700000000 
 18549 5372491400000000 
 18553 4294694500000000 
 18557 3800088600000000 
 18561 3634989100000000 
 18565 3486343900000000 
 18569 3328895500000000 
 18573 3357153000000000 
 18577 3605076500000000 
 18581 3448276600000000 
 18585 2316243500000000 
 18589 1607905100000000 
 18593 1480177300000000 
 18597 1541091700000000 
 18601 1680303100000000 
 18605 2052768800000000 
 18609 2597649200000000 
 18613 3418328000000000 
 18617 3969750900000000 
 18621 4008777900000000 
 18625 4100939300000000 
 18629 4608234000000000 
 18633 3941226300000000 
 18637 2918523000000000 
 18641 2540253400000000 
 18645 2442836400000000 
 18649 2414434900000000 
 18653 2420723000000000 
 18657 2562463000000000 
 18661 2799678300000000 
 18665 2731994900000000 
 18669 1960448800000000 
 18673 1412680800000000 
 18677 1314116900000000 
 18681 1447456400000000 
 18685 1677006600000000 
 18689 2062985100000000 
 18693 2562678000000000 
 18697 3040876800000000 
 18701 3511887500000000 
 18705 3759914800000000 
 18709 4219598600000000 
 18713 5313880600000000 
 18717 6468876500000000 
 18721 7048641100000000 
 18725 7252178900000000 
 18729 7729781900000000 
 18733 8252990600000000 
 18737 8743785100000000 
 18741 9066158300000000 
 18745 8801713900000000 
 18749 7486487000000000 
 18753 5631352200000000 
 18757 4301607000000000 
 18761 3512779100000000 
 18765 3104571000000000 
 18769 2934346300000000 
 18773 2880057700000000 
 18777 2921354200000000 
 18781 3045134800000000 
 18785 3203841500000000 
 18789 3318928700000000 
 18793 3416226300000000 
 18797 3486828900000000 
 18801 3528430500000000 
 18805 3545009600000000 
 18809 3529362300000000 
 18813 3480754600000000 
 18817 3431668900000000 
 18821 3389016600000000 
 18825 3374340700000000 
 18829 3421499200000000 
 18833 3524026000000000 
 18837 3668752900000000 
 18841 3864707500000000 
 18845 4117270100000000 
 18849 4496671900000000 
 18853 5045723700000000 
 18857 5722316800000000 
 18861 6407748200000000 
 18865 7031869500000000 
 18869 7077357600000000 
 18873 6981217700000000 
 18877 6653757800000000 
 18881 6358289300000000 
 18885 5839652700000000 
 18889 5222549900000000 
 18893 4752140700000000 
 18897 4364069500000000 
 18901 4067357800000000 
 18905 3886340500000000 
 18909 3845286500000000 
 18913 3941660100000000 
 18917 4196105400000000 
 18921 4556560600000000 
 18925 5103634300000000 
 18929 5873323900000000 
 18933 6473265400000000 
 18937 6854432800000000 
 18941 6706873900000000 
 18945 7123405700000000 
 18949 7128286300000000 
 18953 7011113200000000 
 18957 6514604300000000 
 18961 5793973000000000 
 18965 4642034300000000 
 18969 3652683000000000 
 18973 3102756500000000 
 18977 2835262300000000 
 18981 2740534000000000 
 18985 2752609000000000 
 18989 2836176400000000 
 18993 3017006300000000 
 18997 3338473700000000 
 19001 3781179200000000 
 19005 4385368500000000 
 19009 5225390000000000 
 19013 6003347800000000 
 19017 6676949900000000 
 19021 7335043800000000 
 19025 7504091900000000 
 19029 7566112600000000 
 19033 7230833300000000 
 19037 6329494700000000 
 19041 5563734900000000 
 19045 4806460100000000 
 19049 4245184500000000 
 19053 3868933600000000 
 19057 3700683800000000 
 19061 3709543000000000 
 19065 3911092500000000 
 19069 4249646500000000 
 19073 4756274900000000 
 19077 5543844400000000 
 19081 6218561400000000 
 19085 6668820100000000 
 19089 7174357000000000 
 19093 7258501000000000 
 19097 7212347500000000 
 19101 6645564100000000 
 19105 5527698900000000 
 19109 4053382300000000 
 19113 3079338300000000 
 19117 2643588000000000 
 19121 2521565200000000 
 19125 2584870000000000 
 19129 2827843100000000 
 19133 3092558400000000 
 19137 3241995100000000 
 19141 3539174600000000 
 19145 4247811600000000 
 19149 4811746500000000 
 19153 4651784500000000 
 19157 4561945800000000 
 19161 4604480800000000 
 19165 4732341700000000 
 19169 4984155900000000 
 19173 5377390100000000 
 19177 5523440200000000 
 19181 4185089700000000 
 19185 2807105500000000 
 19189 2387925500000000 
 19193 2504674500000000 
 19197 2709215900000000 
 19201 3166390100000000 
 19205 3982487700000000 
 19209 4883486100000000 
 19213 5453098800000000 
 19217 5554304500000000 
 19221 5955543800000000 
 19225 6283984400000000 
 19229 4728051400000000 
 19233 3561581400000000 
 19237 3170888500000000 
 19241 2929600200000000 
 19245 2609693600000000 
 19249 2426456300000000 
 19253 2486574400000000 
 19257 2586317900000000 
 19261 1939670700000000 
 19265 1218309700000000 
 19269 1130869200000000 
 19273 1238956500000000 
 19277 1297624200000000 
 19281 1550244700000000 
 19285 2069552000000000 
 19289 2858683600000000 
 19293 3949622300000000 
 19297 4374245600000000 
 19301 4477047200000000 
 19305 4931487500000000 
 19309 5243167400000000 
 19313 4009412300000000 
 19317 3227249300000000 
 19321 3100563300000000 
 19325 3134978300000000 
 19329 3121804100000000 
 19333 3155447100000000 
 19337 3427008800000000 
 19341 3850995900000000 
 19345 3396559600000000 
 19349 2381729300000000 
 19353 1896211400000000 
 19357 1853045600000000 
 19361 2028092700000000 
 19365 2246436300000000 
 19369 2640302300000000 
 19373 3287353100000000 
 19377 3920264000000000 
 19381 4378879100000000 
 19385 4519312000000000 
 19389 4684811000000000 
 19393 5299849900000000 
 19397 6151722300000000 
 19401 6133691300000000 
 19405 5867466000000000 
 19409 5754843300000000 
 19413 5784858500000000 
 19417 5950236900000000 
 19421 6284035000000000 
 19425 6752082800000000 
 19429 7192185600000000 
 19433 6630124900000000 
 19437 5642674000000000 
 19441 4081580300000000 
 19445 2982044300000000 
 19449 2370915800000000 
 19453 2123081300000000 
 19457 2032871800000000 
 19461 2001237900000000 
 19465 2051984700000000 
 19469 2169341600000000 
 19473 2350238400000000 
 19477 2551156800000000 
 19481 2711114500000000 
 19485 2881419600000000 
 19489 3157424500000000 
 19493 3610991900000000 
 19497 4322168000000000 
 19501 5533528600000000 
 19505 6454897100000000 
 19509 6824412300000000 
 19513 7177629600000000 
 19517 6985107600000000 
 19521 6956390700000000 
 19525 7003007800000000 
 19529 7133332100000000 
 19533 7289262000000000 
 19537 7299739800000000 
 19541 5816219300000000 
 19545 3679933100000000 
 19549 2491090400000000 
 19553 2286279500000000 
 19557 2344358000000000 
 19561 2503376300000000 
 19565 2869217800000000 
 19569 3455257800000000 
 19573 4544398500000000 
 19577 5793002500000000 
 19581 6040999800000000 
 19585 6079077000000000 
 19589 6742665200000000 
 19593 4586535800000000 
 19597 2506399300000000 
 19601 2234037700000000 
 19605 2197051100000000 
 19609 1457270200000000 
 19613 885647760000000 
 19617 808024760000000 
 19621 928166580000000 
 19625 2436181700000000 
 19629 1603028100000000 
 19633 888616680000000 
 19637 1100796000000000 
 19641 1178843900000000 
 19645 1358487800000000 
 19649 2327423800000000 
 19653 2867558000000000 
 19657 2333898000000000 
 19661 2756561300000000 
 19665 6591380500000000 
 19669 6573964800000000 
 19673 7455521400000000 
 19677 3748830300000000 
 19681 1847294400000000 
 19685 3945962500000000 
 19689 4421221500000000 
 19693 2746972600000000 
 19697 2242306000000000 
 19701 2629718300000000 
 19705 2455813500000000 
 19709 4033906000000000 
 19713 4298200800000000 
 19717 1783730900000000 
 19721 1726633200000000 
 19725 1423271100000000 
 19729 1447648300000000 
 19733 2094110600000000 
 19737 2290616800000000 
 19741 2110505000000000 
 19745 2695162900000000 
 19749 5832308400000000 
 19753 5514123200000000 
 19757 5875832000000000 
 19761 4856640300000000 
 19765 2347218300000000 
 19769 1850396700000000 
 19773 2203597100000000 
 19777 1868447800000000 
 19781 1302285300000000 
 19785 1039818000000000 
 19789 1109255600000000 
 19793 1643846600000000 
 19797 1976999700000000 
 19801 1399243900000000 
 19805 1127241400000000 
 19809 1254120500000000 
 19813 1378750900000000 
 19817 1573310700000000 
 19821 1987476200000000 
 19825 2723981800000000 
 19829 3794391900000000 
 19833 4824837700000000 
 19837 5444725100000000 
 19841 5633615300000000 
 19845 5963985700000000 
 19849 6886169500000000 
 19853 6716631500000000 
 19857 6067205200000000 
 19861 5470806300000000 
 19865 5178264600000000 
 19869 5085366200000000 
 19873 5123794600000000 
 19877 5310401600000000 
 19881 5657298000000000 
 19885 6087210700000000 
 19889 6306485400000000 
 19893 5726197100000000 
 19897 4208026500000000 
 19901 2925474000000000 
 19905 2228415400000000 
 19909 1974081600000000 
 19913 1904290100000000 
 19917 1978857700000000 
 19921 2140821600000000 
 19925 2362125400000000 
 19929 2645137100000000 
 19933 2980103200000000 
 19937 3355162100000000 
 19941 3582450500000000 
 19945 3764598000000000 
 19949 4097051100000000 
 19953 4901653500000000 
 19957 5016675900000000 
 19961 4376288300000000 
 19965 3899848300000000 
 19969 3682104900000000 
 19973 3617112100000000 
 19977 3504375200000000 
 19981 3407288600000000 
 19985 3499407000000000 
 19989 3861562900000000 
 19993 3541739000000000 
 19997 2363796100000000 
